SIGRTMIN: 34
CP: Vector Plugins
CP: Pointer PacketFilter_StreamLog::file
CP: String DeviceProxy = DeviceProxy_LibUSB
CP: String HostProxy = HostProxy_GadgetFS
Loading plugins from /usr/local/lib/USBProxy/
vendorId=ffffffff
productId=ffffffff
cleaning up /tmp
removing 0
Made directory /tmp/gadget-5Rl7yG for gadget
Printing Config data
	Strings: 2
		DeviceProxy: DeviceProxy_LibUSB
		HostProxy: HostProxy_GadgetFS
	Vectors: 1
		Plugins:
			PacketFilter_StreamLog
Pointer: 1
		PacketFilter_StreamLog::file: 0xb6d3c540
Made directory /tmp/mqueue-sIUJEb for mqueue
cleaning up /tmp/mqueue-sIUJEb
removing 0
searching in [/tmp/gadget-5Rl7yG]
Starting setup writer thread (2184) for EP00.
Starting setup reader thread (2183) for EP00.
[00 09 01 00 00 00 00 00]
Opened EP81
Opened EP01
Starting writer thread (2189) for EP01.
[01 0b 00 00 00 00 00 00]
Starting reader thread (2188) for EP01.
Starting writer thread (2187) for EP81.
Starting reader thread (2186) for EP81.
01[32]: ff 11 80 00 28 63 29 20 44 69 73 6e 65 79 20 32 30 31 33 b6 30 6f cb 40 30 6a 44 20 30 5c 6f 00
81[32]: aa 15 00 00 0f 01 00 03 02 09 09 43 24 49 26 33 31 4b 42 48 fe 48 5d 98 00 00 00 00 00 00 00 00
01[32]: ff 03 b5 01 ff b7 29 20 44 69 73 6e 65 79 20 32 30 31 33 b6 30 6f cb 40 30 6a 44 20 30 5c 6f 00
81[32]: aa 01 01 ac 00 00 00 00 00 00 00 00 00 00 00 00 00 00 00 00 00 00 00 00 00 00 00 00 00 00 00 00
01[32]: ff 08 92 02 02 51 01 00 00 00 ef 00 02 2a 32 80 00 00 00 00 36 e7 3c 90 24 00 00 44 00 00 00 00
01[32]: ff 08 92 03 01 51 01 00 00 00 ef 00 02 2a 32 80 00 00 00 00 36 e7 3c 90 24 00 00 44 00 00 00 00
81[32]: aa 01 02 ad 00 00 00 00 00 00 00 00 00 00 00 00 00 00 00 00 00 00 00 00 00 00 00 00 00 00 00 00
81[32]: aa 01 03 ae 00 00 00 00 00 00 00 00 00 00 00 00 00 00 00 00 00 00 00 00 00 00 00 00 00 00 00 00
01[32]: ff 03 b5 04 01 bc 01 00 00 00 ef 00 02 2a 32 80 00 00 00 00 36 e7 3c 90 24 00 00 44 00 00 00 00
81[32]: aa 01 04 af 00 00 00 00 00 00 00 00 00 00 00 00 00 00 00 00 00 00 00 00 00 00 00 00 00 00 00 00
01[32]: ff 0a 81 05 57 46 b1 85 91 a9 5d 48 41 2a 32 80 00 00 00 00 36 e7 3c 90 24 00 00 44 00 00 00 00
01[32]: ff 02 83 06 8a 46 b1 85 91 a9 5d 48 41 2a 32 80 00 00 00 00 36 e7 3c 90 24 00 00 44 00 00 00 00
81[32]: aa 01 05 b0 00 00 00 00 00 00 00 00 00 00 00 00 00 00 00 00 00 00 00 00 00 00 00 00 00 00 00 00
01[32]: ff 02 a1 07 a9 46 b1 85 91 a9 5d 48 41 2a 32 80 00 00 00 00 36 e7 3c 90 24 00 00 44 00 00 00 00
81[32]: aa 09 06 50 12 11 90 00 10 a2 11 7f 00 00 00 00 00 00 00 00 00 00 00 00 00 00 00 00 00 00 00 00
81[32]: aa 01 07 b2 00 00 00 00 00 00 00 00 00 00 00 00 00 00 00 00 00 00 00 00 00 00 00 00 00 00 00 00
01[32]: ff 06 90 08 03 00 00 00 a0 00 00 00 02 2a 32 80 00 00 00 00 36 e7 3c 90 00 00 00 00 00 00 00 00
81[32]: aa 01 08 b3 00 00 00 00 00 00 00 00 00 00 00 00 00 00 00 00 00 00 00 00 00 00 00 00 00 00 00 00
01[32]: ff 08 92 09 02 51 01 fc bd 7e 2d 00 02 2a 32 80 00 00 00 00 36 e7 3c 90 00 00 00 00 00 00 00 00
01[32]: ff 08 92 0a 01 51 01 fc bd 7e 2d 00 02 2a 32 80 00 00 00 00 36 e7 3c 90 00 00 00 00 00 00 00 00
81[32]: aa 01 09 b4 00 00 00 00 00 00 00 00 00 00 00 00 00 00 00 00 00 00 00 00 00 00 00 00 00 00 00 00
81[32]: aa 01 0a b5 00 00 00 00 00 00 00 00 00 00 00 00 00 00 00 00 00 00 00 00 00 00 00 00 00 00 00 00
01[32]: ff 08 92 0b 02 51 01 00 00 00 f8 00 02 2a 32 80 00 00 00 00 36 e7 3c 90 24 00 00 44 00 00 00 00
01[32]: ff 08 92 0c 01 51 01 00 00 00 f8 00 02 2a 32 80 00 00 00 00 36 e7 3c 90 24 00 00 44 00 00 00 00
81[32]: aa 01 0b b6 00 00 00 00 00 00 00 00 00 00 00 00 00 00 00 00 00 00 00 00 00 00 00 00 00 00 00 00
81[32]: aa 01 0c b7 00 00 00 00 00 00 00 00 00 00 00 00 00 00 00 00 00 00 00 00 00 00 00 00 00 00 00 00
01[32]: ff 08 92 0d 02 51 01 fc bd 7e 31 00 02 2a 32 80 00 00 00 00 36 e7 3c 90 24 00 00 44 00 00 00 00
01[32]: ff 08 92 0e 01 51 01 fc bd 7e 31 00 02 2a 32 80 00 00 00 00 36 e7 3c 90 24 00 00 44 00 00 00 00
81[32]: aa 01 0d b8 00 00 00 00 00 00 00 00 00 00 00 00 00 00 00 00 00 00 00 00 00 00 00 00 00 00 00 00
81[32]: aa 01 0e b9 00 00 00 00 00 00 00 00 00 00 00 00 00 00 00 00 00 00 00 00 00 00 00 00 00 00 00 00
01[32]: ff 02 83 0f 93 51 01 fc bd 7e 31 00 02 2a 32 80 00 00 00 00 36 e7 3c 90 24 00 00 44 00 00 00 00
81[32]: aa 09 0f 00 00 11 08 50 11 88 71 35 00 00 00 00 00 00 00 00 00 00 00 00 00 00 00 00 00 00 00 00
01[32]: ff 02 a1 10 b2 51 01 fc bd 7e 31 00 02 2a 32 80 00 00 00 00 36 e7 3c 90 24 00 00 44 00 00 00 00
81[32]: aa 01 10 bb 00 00 00 00 00 00 00 00 00 00 00 00 00 00 00 00 00 00 00 00 00 00 00 00 00 00 00 00
01[32]: ff 08 92 11 02 51 01 00 00 00 fe 00 02 2a 32 80 00 00 00 00 36 e7 3c 90 00 00 00 00 00 00 00 00
01[32]: ff 08 92 12 01 51 01 00 00 00 fe 00 02 2a 32 80 00 00 00 00 36 e7 3c 90 00 00 00 00 00 00 00 00
81[32]: aa 01 11 bc 00 00 00 00 00 00 00 00 00 00 00 00 00 00 00 00 00 00 00 00 00 00 00 00 00 00 00 00
81[32]: aa 01 12 bd 00 00 00 00 00 00 00 00 00 00 00 00 00 00 00 00 00 00 00 00 00 00 00 00 00 00 00 00
01[32]: ff 08 92 13 02 51 01 fc bd 7e 37 00 02 2a 32 80 00 00 00 00 36 e7 3c 90 24 00 00 44 00 00 00 00
01[32]: ff 08 92 14 01 51 01 fc bd 7e 37 00 02 2a 32 80 00 00 00 00 36 e7 3c 90 24 00 00 44 00 00 00 00
81[32]: aa 01 13 be 00 00 00 00 00 00 00 00 00 00 00 00 00 00 00 00 00 00 00 00 00 00 00 00 00 00 00 00
81[32]: aa 01 14 bf 00 00 00 00 00 00 00 00 00 00 00 00 00 00 00 00 00 00 00 00 00 00 00 00 00 00 00 00
01[32]: ff 02 83 15 99 51 01 fc bd 7e 37 00 02 2a 32 80 00 00 00 00 36 e7 3c 90 24 00 00 44 00 00 00 00
81[32]: aa 09 15 10 16 09 84 00 41 a0 41 9d 00 00 00 00 00 00 00 00 00 00 00 00 00 00 00 00 00 00 00 00
01[32]: ff 02 a1 16 b8 51 01 fc bd 7e 37 00 02 2a 32 80 00 00 00 00 36 e7 3c 90 24 00 00 44 00 00 00 00
81[32]: aa 01 16 c1 00 00 00 00 00 00 00 00 00 00 00 00 00 00 00 00 00 00 00 00 00 00 00 00 00 00 00 00
01[32]: ff 08 92 17 02 51 01 00 00 00 04 00 02 2a 32 80 00 00 00 00 36 e7 3c 90 24 00 00 44 00 00 00 00
01[32]: ff 08 92 18 01 51 01 00 00 00 04 00 02 2a 32 80 00 00 00 00 36 e7 3c 90 24 00 00 44 00 00 00 00
81[32]: aa 01 17 c2 00 00 00 00 00 00 00 00 00 00 00 00 00 00 00 00 00 00 00 00 00 00 00 00 00 00 00 00
81[32]: aa 01 18 c3 00 00 00 00 00 00 00 00 00 00 00 00 00 00 00 00 00 00 00 00 00 00 00 00 00 00 00 00
