SIGRTMIN: 34
CP: Vector Plugins
CP: Pointer PacketFilter_StreamLog::file
CP: String DeviceProxy = DeviceProxy_LibUSB
CP: String HostProxy = HostProxy_GadgetFS
Loading plugins from /usr/local/lib/USBProxy/
vendorId=ffffffff
productId=ffffffff
cleaning up /tmp
removing 1
Made directory /tmp/gadget-C98GyK for gadget
Printing Config data
	Strings: 2
		DeviceProxy: DeviceProxy_LibUSB
		HostProxy: HostProxy_GadgetFS
	Vectors: 1
		Plugins:
			PacketFilter_StreamLog
Pointer: 1
		PacketFilter_StreamLog::file: 0xb6d39540
Made directory /tmp/mqueue-2ri6ak for mqueue
cleaning up /tmp/mqueue-2ri6ak
removing 4
searching in [/tmp/gadget-C98GyK]
Starting setup writer thread (2210) for EP00.
Starting setup reader thread (2209) for EP00.
[00 09 01 00 00 00 00 00]
Opened EP81
Opened EP01
Starting writer thread (2215) for EP01.
Starting reader thread (2214) for EP01.
[01 0b 00 00 00 00 00 00]
Starting writer thread (2213) for EP81.
Starting reader thread (2212) for EP81.
01[32]: ff 11 80 00 28 63 29 20 44 69 73 6e 65 79 20 32 30 31 33 b6 00 00 00 00 00 00 00 00 00 00 00 00
81[32]: aa 15 00 00 0f 01 00 03 02 09 09 43 24 49 26 33 31 4b 42 48 fe 48 5d 98 00 00 00 00 00 00 00 00
01[32]: ff 03 b5 01 ff b7 29 20 44 69 73 6e 65 79 20 32 30 31 33 b6 00 00 00 00 00 00 00 00 00 00 00 00
81[32]: aa 01 01 ac 00 00 00 00 00 00 00 00 00 00 00 00 00 00 00 00 00 00 00 00 00 00 00 00 00 00 00 00
01[32]: ff 03 b5 02 01 ba 29 20 44 69 73 6e 65 79 20 32 30 31 33 b6 00 00 00 00 00 00 00 00 00 00 00 00
81[32]: aa 01 02 ad 00 00 00 00 00 00 00 00 00 00 00 00 00 00 00 00 00 00 00 00 00 00 00 00 00 00 00 00
01[32]: ff 0a 81 03 8d 7d da 82 a8 06 43 6c 50 79 20 32 30 31 33 b6 00 00 00 00 00 00 00 00 00 00 00 00
01[32]: ff 02 83 04 88 7d da 82 a8 06 43 6c 50 79 20 32 30 31 33 b6 00 00 00 00 00 00 00 00 00 00 00 00
81[32]: aa 01 03 ae 00 00 00 00 00 00 00 00 00 00 00 00 00 00 00 00 00 00 00 00 00 00 00 00 00 00 00 00
01[32]: ff 02 a1 05 a7 7d da 82 a8 06 43 6c 50 79 20 32 30 31 33 b6 00 00 00 00 00 00 00 00 00 00 00 00
81[32]: aa 09 04 54 03 90 08 58 00 82 10 90 00 00 00 00 00 00 00 00 00 00 00 00 00 00 00 00 00 00 00 00
81[32]: aa 01 05 b0 00 00 00 00 00 00 00 00 00 00 00 00 00 00 00 00 00 00 00 00 00 00 00 00 00 00 00 00
01[32]: ff 06 90 06 02 00 00 00 9d 00 00 00 36 f1 2c 70 00 00 00 00 36 e7 3c 90 28 00 00 44 00 00 00 00
81[32]: aa 01 06 b1 00 00 00 00 00 00 00 00 00 00 00 00 00 00 00 00 00 00 00 00 00 00 00 00 00 00 00 00
01[32]: ff 09 93 07 02 02 02 06 ff 00 00 ad 36 f1 2c 70 00 00 00 00 36 e7 3c 90 28 00 00 44 00 00 00 00
81[32]: aa 01 07 b2 00 00 00 00 00 00 00 00 00 00 00 00 00 00 00 00 00 00 00 00 00 00 00 00 00 00 00 00
01[32]: ff 06 90 08 02 00 00 00 9f 00 00 00 36 f1 2c 70 00 00 00 00 36 e7 3c 90 28 00 00 44 00 00 00 00
81[32]: aa 01 08 b3 00 00 00 00 00 00 00 00 00 00 00 00 00 00 00 00 00 00 00 00 00 00 00 00 00 00 00 00
01[32]: ff 09 93 09 02 02 02 06 ff 00 00 af 36 f1 2c 70 00 00 00 00 36 e7 3c 90 28 00 00 44 00 00 00 00
81[32]: aa 01 09 b4 00 00 00 00 00 00 00 00 00 00 00 00 00 00 00 00 00 00 00 00 00 00 00 00 00 00 00 00
01[32]: ff 02 83 0a 8e 02 02 06 ff 00 00 af 36 f1 2c 70 00 00 00 00 36 e7 3c 90 28 00 00 44 00 00 00 00
81[32]: aa 09 0a 14 07 00 1c 18 11 28 60 a5 00 00 00 00 00 00 00 00 00 00 00 00 00 00 00 00 00 00 00 00
01[32]: ff 02 a1 0b ad 02 02 06 ff 00 00 af 36 f1 2c 70 00 00 00 00 36 e7 3c 90 28 00 00 44 00 00 00 00
81[32]: aa 01 0b b6 00 00 00 00 00 00 00 00 00 00 00 00 00 00 00 00 00 00 00 00 00 00 00 00 00 00 00 00
01[32]: ff 06 90 0c 02 00 00 00 a3 00 00 00 36 f1 2c 70 00 00 00 00 36 e7 3c 90 28 00 00 44 00 00 00 00
81[32]: aa 01 0c b7 00 00 00 00 00 00 00 00 00 00 00 00 00 00 00 00 00 00 00 00 00 00 00 00 00 00 00 00
01[32]: ff 09 93 0d 02 02 02 06 ff 00 00 b3 36 f1 2c 70 00 00 00 00 36 e7 3c 90 28 00 00 44 00 00 00 00
81[32]: aa 01 0d b8 00 00 00 00 00 00 00 00 00 00 00 00 00 00 00 00 00 00 00 00 00 00 00 00 00 00 00 00
01[32]: ff 06 90 0e 02 00 00 00 a5 00 00 00 36 f1 2c 70 00 00 00 00 36 e7 3c 90 28 00 00 44 00 00 00 00
81[32]: aa 01 0e b9 00 00 00 00 00 00 00 00 00 00 00 00 00 00 00 00 00 00 00 00 00 00 00 00 00 00 00 00
01[32]: ff 09 93 0f 02 02 02 06 ff 00 00 b5 36 f1 2c 70 00 00 00 00 36 e7 3c 90 28 00 00 44 00 00 00 00
81[32]: aa 01 0f ba 00 00 00 00 00 00 00 00 00 00 00 00 00 00 00 00 00 00 00 00 00 00 00 00 00 00 00 00
01[32]: ff 06 90 10 02 00 00 00 a7 00 00 00 36 f1 2c 70 00 00 00 00 36 e7 3c 90 00 00 00 00 00 00 00 00
81[32]: aa 01 10 bb 00 00 00 00 00 00 00 00 00 00 00 00 00 00 00 00 00 00 00 00 00 00 00 00 00 00 00 00
01[32]: ff 09 93 11 02 02 02 06 ff 00 00 b7 36 f1 2c 70 00 00 00 00 36 e7 3c 90 28 00 00 44 00 00 00 00
81[32]: aa 01 11 bc 00 00 00 00 00 00 00 00 00 00 00 00 00 00 00 00 00 00 00 00 00 00 00 00 00 00 00 00
01[32]: ff 02 83 12 96 02 02 06 ff 00 00 b7 36 f1 2c 70 00 00 00 00 36 e7 3c 90 28 00 00 44 00 00 00 00
81[32]: aa 09 12 40 03 98 18 c8 44 00 21 e5 00 00 00 00 00 00 00 00 00 00 00 00 00 00 00 00 00 00 00 00
01[32]: ff 02 a1 13 b5 02 02 06 ff 00 00 b7 36 f1 2c 70 00 00 00 00 36 e7 3c 90 28 00 00 44 00 00 00 00
81[32]: aa 01 13 be 00 00 00 00 00 00 00 00 00 00 00 00 00 00 00 00 00 00 00 00 00 00 00 00 00 00 00 00
01[32]: ff 06 90 14 02 00 00 00 ab 00 00 00 36 f1 2c 70 00 00 00 00 36 e7 3c 90 28 00 00 44 00 00 00 00
81[32]: aa 01 14 bf 00 00 00 00 00 00 00 00 00 00 00 00 00 00 00 00 00 00 00 00 00 00 00 00 00 00 00 00
01[32]: ff 09 93 15 02 02 02 06 ff 00 00 bb 36 f1 2c 70 00 00 00 00 36 e7 3c 90 28 00 00 44 00 00 00 00
81[32]: aa 01 15 c0 00 00 00 00 00 00 00 00 00 00 00 00 00 00 00 00 00 00 00 00 00 00 00 00 00 00 00 00
01[32]: ff 06 90 16 02 00 00 00 ad 00 00 00 36 f1 2c 70 00 00 00 00 36 e7 3c 90 28 00 00 44 00 00 00 00
81[32]: aa 01 16 c1 00 00 00 00 00 00 00 00 00 00 00 00 00 00 00 00 00 00 00 00 00 00 00 00 00 00 00 00
01[32]: ff 09 93 17 02 02 02 06 ff 00 00 bd 36 f1 2c 70 00 00 00 00 36 e7 3c 90 28 00 00 44 00 00 00 00
81[32]: aa 01 17 c2 00 00 00 00 00 00 00 00 00 00 00 00 00 00 00 00 00 00 00 00 00 00 00 00 00 00 00 00
01[32]: ff 06 90 18 02 00 00 00 af 00 00 00 36 f1 2c 70 00 00 00 00 36 e7 3c 90 28 00 00 44 00 00 00 00
81[32]: aa 01 18 c3 00 00 00 00 00 00 00 00 00 00 00 00 00 00 00 00 00 00 00 00 00 00 00 00 00 00 00 00
01[32]: ff 09 93 19 02 02 02 06 ff 00 00 bf 36 f1 2c 70 00 00 00 00 36 e7 3c 90 28 00 00 44 00 00 00 00
81[32]: aa 01 19 c4 00 00 00 00 00 00 00 00 00 00 00 00 00 00 00 00 00 00 00 00 00 00 00 00 00 00 00 00
01[32]: ff 02 83 1a 9e 02 02 06 ff 00 00 bf 36 f1 2c 70 00 00 00 00 36 e7 3c 90 28 00 00 44 00 00 00 00
81[32]: aa 09 1a 54 01 81 08 50 51 a8 50 44 00 00 00 00 00 00 00 00 00 00 00 00 00 00 00 00 00 00 00 00
01[32]: ff 02 a1 1b bd 02 02 06 ff 00 00 bf 36 f1 2c 70 00 00 00 00 36 e7 3c 90 28 00 00 44 00 00 00 00
81[32]: aa 01 1b c6 00 00 00 00 00 00 00 00 00 00 00 00 00 00 00 00 00 00 00 00 00 00 00 00 00 00 00 00
01[32]: ff 06 90 1c 02 00 00 00 b3 00 00 00 36 f1 2c 70 00 00 00 00 36 e7 3c 90 28 00 00 44 00 00 00 00
81[32]: aa 01 1c c7 00 00 00 00 00 00 00 00 00 00 00 00 00 00 00 00 00 00 00 00 00 00 00 00 00 00 00 00
01[32]: ff 09 93 1d 02 02 02 06 ff 00 00 c3 36 f1 2c 70 00 00 00 00 36 e7 3c 90 28 00 00 44 00 00 00 00
81[32]: aa 01 1d c8 00 00 00 00 00 00 00 00 00 00 00 00 00 00 00 00 00 00 00 00 00 00 00 00 00 00 00 00
01[32]: ff 06 90 1e 02 00 00 00 b5 00 00 00 36 f1 2c 70 00 00 00 00 36 e7 3c 90 28 00 00 44 00 00 00 00
81[32]: aa 01 1e c9 00 00 00 00 00 00 00 00 00 00 00 00 00 00 00 00 00 00 00 00 00 00 00 00 00 00 00 00
01[32]: ff 09 93 1f 02 02 02 06 ff 00 00 c5 36 f1 2c 70 00 00 00 00 36 e7 3c 90 00 00 00 00 00 00 00 00
81[32]: aa 01 1f ca 00 00 00 00 00 00 00 00 00 00 00 00 00 00 00 00 00 00 00 00 00 00 00 00 00 00 00 00
01[32]: ff 06 90 20 02 00 00 00 b7 00 00 00 36 f1 2c 70 00 00 00 00 36 e7 3c 90 28 00 00 44 00 00 00 00
81[32]: aa 01 20 cb 00 00 00 00 00 00 00 00 00 00 00 00 00 00 00 00 00 00 00 00 00 00 00 00 00 00 00 00
01[32]: ff 09 93 21 02 02 02 06 ff 00 00 c7 36 f1 2c 70 00 00 00 00 36 e7 3c 90 28 00 00 44 00 00 00 00
81[32]: aa 01 21 cc 00 00 00 00 00 00 00 00 00 00 00 00 00 00 00 00 00 00 00 00 00 00 00 00 00 00 00 00
01[32]: ff 02 83 22 a6 02 02 06 ff 00 00 c7 36 f1 2c 70 00 00 00 00 36 e7 3c 90 28 00 00 44 00 00 00 00
81[32]: aa 09 22 04 07 80 9c 98 10 82 30 56 00 00 00 00 00 00 00 00 00 00 00 00 00 00 00 00 00 00 00 00
01[32]: ff 06 90 23 02 00 00 00 ba 00 00 00 36 f1 2c 70 00 00 00 00 36 e7 3c 90 28 00 00 44 00 00 00 00
81[32]: aa 01 23 ce 00 00 00 00 00 00 00 00 00 00 00 00 00 00 00 00 00 00 00 00 00 00 00 00 00 00 00 00
01[32]: ff 09 93 24 02 02 02 06 ff 00 00 ca 36 f1 2c 70 00 00 00 00 36 e7 3c 90 00 00 00 00 00 00 00 00
81[32]: aa 01 24 cf 00 00 00 00 00 00 00 00 00 00 00 00 00 00 00 00 00 00 00 00 00 00 00 00 00 00 00 00
01[32]: ff 02 a1 25 c7 02 02 06 ff 00 00 ca 36 f1 2c 70 00 00 00 00 36 e7 3c 90 00 00 00 00 00 00 00 00
81[32]: aa 01 25 d0 00 00 00 00 00 00 00 00 00 00 00 00 00 00 00 00 00 00 00 00 00 00 00 00 00 00 00 00
81[32]: ab 04 02 09 00 00 ba 00 00 00 00 00 00 00 00 00 00 00 00 00 00 00 00 00 00 00 00 00 00 00 00 00
01[32]: ff 03 b4 26 00 dc 02 06 ff 00 00 ca 36 f1 2c 70 00 00 00 00 36 e7 3c 90 00 00 00 00 00 00 00 00
81[32]: aa 09 26 00 04 2b 64 4a 04 3a 80 74 00 00 00 00 00 00 00 00 00 00 00 00 00 00 00 00 00 00 00 00
01[32]: ff 05 a2 27 00 00 01 ce ff 00 00 ca 36 f1 2c 70 00 00 00 00 36 e7 3c 90 00 00 00 00 00 00 00 00
81[32]: aa 12 27 00 d8 9e 21 57 a9 4f 3c 97 4d 24 9f 2a 3d de c0 a8 59 00 00 00 00 00 00 00 00 00 00 00
01[32]: ff 05 a2 28 00 01 00 cf ff 00 00 ca 36 f1 2c 70 00 00 00 00 36 e7 3c 90 00 00 00 00 00 00 00 00
81[32]: aa 12 28 00 07 8f 6b 42 af 6c 82 e0 cd e3 2b 42 87 95 4f 5d 89 00 00 00 00 00 00 00 00 00 00 00
01[32]: ff 05 a2 29 00 02 00 d1 ff 00 00 ca 36 f1 2c 70 00 00 00 00 36 e7 3c 90 00 00 00 00 00 00 00 00
81[32]: aa 12 29 00 4a e8 d7 4a 7c 37 23 b2 dc 2e 33 be a0 ce 1d 64 aa 00 00 00 00 00 00 00 00 00 00 00
01[32]: ff 05 a2 2a 00 00 02 d2 ff 00 00 ca 36 f1 2c 70 00 00 00 00 36 e7 3c 90 00 00 00 00 00 00 00 00
81[32]: aa 12 2a 00 f5 2e 39 2a 31 7d a9 e3 b0 4f c5 95 39 9d 3a 37 46 00 00 00 00 00 00 00 00 00 00 00
01[32]: ff 05 a2 2b 00 03 00 d4 ff 00 00 ca 36 f1 2c 70 00 00 00 00 36 e7 3c 90 00 00 00 00 00 00 00 00
81[32]: aa 12 2b 00 33 44 46 ed 89 28 70 cb a0 33 6f d7 b8 aa 16 37 45 00 00 00 00 00 00 00 00 00 00 00
01[32]: ff 05 a2 2c 00 03 01 d6 ff 00 00 ca 36 f1 2c 70 00 00 00 00 36 e7 3c 90 00 00 00 00 00 00 00 00
81[32]: aa 12 2c 00 33 44 46 ed 89 28 70 cb a0 33 6f d7 b8 aa 16 37 46 00 00 00 00 00 00 00 00 00 00 00
01[32]: ff 05 a2 2d 00 01 01 d5 ff 00 00 ca 36 f1 2c 70 00 00 00 00 36 e7 3c 90 00 00 00 00 00 00 00 00
81[32]: aa 12 2d 00 bc d2 6e ae a4 86 f7 40 16 72 09 2b 74 94 4b e6 e9 00 00 00 00 00 00 00 00 00 00 00
01[32]: ff 05 a2 2e 00 02 01 d7 ff 00 00 ca 36 f1 2c 70 00 00 00 00 36 e7 3c 90 00 00 00 00 00 00 00 00
81[32]: aa 12 2e 00 b0 9e 91 02 fb f7 7c 46 f4 01 fb 67 18 61 7d de aa 00 00 00 00 00 00 00 00 00 00 00
01[32]: ff 06 90 2f 02 00 00 00 c6 00 00 00 36 f1 2c 70 00 00 00 00 36 e7 3c 90 28 00 00 44 00 00 00 00
81[32]: aa 01 2f da 00 00 00 00 00 00 00 00 00 00 00 00 00 00 00 00 00 00 00 00 00 00 00 00 00 00 00 00
01[32]: ff 08 92 30 02 02 02 ff 00 00 ce 00 36 f1 2c 70 00 00 00 00 36 e7 3c 90 28 00 00 44 00 00 00 00
81[32]: aa 01 30 db 00 00 00 00 00 00 00 00 00 00 00 00 00 00 00 00 00 00 00 00 00 00 00 00 00 00 00 00
01[32]: ff 08 92 31 02 02 02 ff 5a 00 29 00 36 f1 2c 70 00 00 00 00 36 e7 3c 90 28 00 00 44 00 00 00 00
81[32]: aa 01 31 dc 00 00 00 00 00 00 00 00 00 00 00 00 00 00 00 00 00 00 00 00 00 00 00 00 00 00 00 00
01[32]: ff 08 92 32 02 02 02 ff 00 00 d0 00 36 f1 2c 70 00 00 00 00 36 e7 3c 90 00 00 00 00 00 00 00 00
81[32]: aa 01 32 dd 00 00 00 00 00 00 00 00 00 00 00 00 00 00 00 00 00 00 00 00 00 00 00 00 00 00 00 00
01[32]: ff 08 92 33 02 02 02 ff 5a 00 2b 00 36 f1 2c 70 00 00 00 00 36 e7 3c 90 28 00 00 44 00 00 00 00
81[32]: aa 01 33 de 00 00 00 00 00 00 00 00 00 00 00 00 00 00 00 00 00 00 00 00 00 00 00 00 00 00 00 00
01[32]: ff 08 92 34 02 02 02 ff 00 00 d2 00 36 f1 2c 70 00 00 00 00 36 e7 3c 90 28 00 00 44 00 00 00 00
81[32]: aa 01 34 df 00 00 00 00 00 00 00 00 00 00 00 00 00 00 00 00 00 00 00 00 00 00 00 00 00 00 00 00
01[32]: ff 08 92 35 02 02 02 ff 5a 00 2d 00 36 f1 2c 70 00 00 00 00 36 e7 3c 90 28 00 00 44 00 00 00 00
81[32]: aa 01 35 e0 00 00 00 00 00 00 00 00 00 00 00 00 00 00 00 00 00 00 00 00 00 00 00 00 00 00 00 00
01[32]: ff 08 92 36 02 02 02 ff 00 00 d4 00 36 f1 2c 70 00 00 00 00 36 e7 3c 90 28 00 00 44 00 00 00 00
81[32]: aa 01 36 e1 00 00 00 00 00 00 00 00 00 00 00 00 00 00 00 00 00 00 00 00 00 00 00 00 00 00 00 00
01[32]: ff 08 92 37 02 02 02 ff 5a 00 2f 00 36 f1 2c 70 00 00 00 00 36 e7 3c 90 00 00 00 00 00 00 00 00
81[32]: aa 01 37 e2 00 00 00 00 00 00 00 00 00 00 00 00 00 00 00 00 00 00 00 00 00 00 00 00 00 00 00 00
01[32]: ff 02 83 38 bc 02 02 ff 5a 00 2f 00 36 f1 2c 70 00 00 00 00 36 e7 3c 90 00 00 00 00 00 00 00 00
81[32]: aa 09 38 05 14 19 04 88 54 2a 41 68 00 00 00 00 00 00 00 00 00 00 00 00 00 00 00 00 00 00 00 00
01[32]: ff 02 a1 39 db 02 02 ff 5a 00 2f 00 36 f1 2c 70 00 00 00 00 36 e7 3c 90 00 00 00 00 00 00 00 00
81[32]: aa 03 39 20 09 0f 00 00 00 00 00 00 00 00 00 00 00 00 00 00 00 00 00 00 00 00 00 00 00 00 00 00
01[32]: ff 03 b4 3a 00 f0 02 ff 5a 00 2f 00 36 f1 2c 70 00 00 00 00 36 e7 3c 90 00 00 00 00 00 00 00 00
81[32]: aa 09 3a 00 04 2b 64 4a 04 3a 80 88 00 00 00 00 00 00 00 00 00 00 00 00 00 00 00 00 00 00 00 00
01[32]: ff 02 83 3b bf f0 02 ff 5a 00 2f 00 36 f1 2c 70 00 00 00 00 36 e7 3c 90 00 00 00 00 00 00 00 00
81[32]: aa 09 3b 54 11 80 9c c0 10 08 41 88 00 00 00 00 00 00 00 00 00 00 00 00 00 00 00 00 00 00 00 00
01[32]: ff 02 a1 3c de f0 02 ff 5a 00 2f 00 36 f1 2c 70 00 00 00 00 36 e7 3c 90 00 00 00 00 00 00 00 00
81[32]: aa 03 3c 20 09 12 00 00 00 00 00 00 00 00 00 00 00 00 00 00 00 00 00 00 00 00 00 00 00 00 00 00
01[32]: ff 03 b4 3d 00 f3 02 ff 5a 00 2f 00 36 f1 2c 70 00 00 00 00 36 e7 3c 90 00 00 00 00 00 00 00 00
81[32]: aa 09 3d 00 04 2b 64 4a 04 3a 80 8b 00 00 00 00 00 00 00 00 00 00 00 00 00 00 00 00 00 00 00 00
01[32]: ff 02 83 3e c2 f3 02 ff 5a 00 2f 00 36 f1 2c 70 00 00 00 00 36 e7 3c 90 00 00 00 00 00 00 00 00
81[32]: aa 09 3e 50 01 10 94 18 55 28 21 9c 00 00 00 00 00 00 00 00 00 00 00 00 00 00 00 00 00 00 00 00
01[32]: ff 02 a1 3f e1 f3 02 ff 5a 00 2f 00 36 f1 2c 70 00 00 00 00 36 e7 3c 90 00 00 00 00 00 00 00 00
81[32]: aa 03 3f 20 09 15 00 00 00 00 00 00 00 00 00 00 00 00 00 00 00 00 00 00 00 00 00 00 00 00 00 00
01[32]: ff 03 b4 40 00 f6 02 ff 5a 00 2f 00 36 f1 2c 70 00 00 00 00 36 e7 3c 90 00 00 00 00 00 00 00 00
81[32]: aa 09 40 00 04 2b 64 4a 04 3a 80 8e 00 00 00 00 00 00 00 00 00 00 00 00 00 00 00 00 00 00 00 00
01[32]: ff 06 90 41 02 00 00 00 d8 00 00 00 36 f1 2c 70 00 00 00 00 36 e7 3c 90 00 00 00 00 00 00 00 00
01[32]: ff 15 a3 42 00 02 00 b2 74 1b 15 5f 58 9e 1b ed 41 ff d8 e5 93 c6 38 3c 00 00 00 00 00 00 00 00
81[32]: aa 01 41 ec 00 00 00 00 00 00 00 00 00 00 00 00 00 00 00 00 00 00 00 00 00 00 00 00 00 00 00 00
81[32]: aa 02 42 00 ee 00 00 00 00 00 00 00 00 00 00 00 00 00 00 00 00 00 00 00 00 00 00 00 00 00 00 00
01[32]: ff 08 92 43 03 51 01 fc bd 7e 68 00 36 f1 2c 70 00 00 00 00 36 e7 3c 90 28 00 00 44 00 00 00 00
01[32]: ff 08 92 44 01 51 01 fc bd 7e 67 00 36 f1 2c 70 00 00 00 00 36 e7 3c 90 28 00 00 44 00 00 00 00
81[32]: aa 01 43 ee 00 00 00 00 00 00 00 00 00 00 00 00 00 00 00 00 00 00 00 00 00 00 00 00 00 00 00 00
81[32]: aa 01 44 ef 00 00 00 00 00 00 00 00 00 00 00 00 00 00 00 00 00 00 00 00 00 00 00 00 00 00 00 00
01[32]: ff 08 92 45 02 24 02 ff 00 00 05 00 36 f1 2c 70 00 00 00 00 36 e7 3c 90 28 00 00 44 00 00 00 00
81[32]: aa 01 45 f0 00 00 00 00 00 00 00 00 00 00 00 00 00 00 00 00 00 00 00 00 00 00 00 00 00 00 00 00
01[32]: ff 08 92 46 03 51 01 00 00 00 34 00 36 f1 2c 70 00 00 00 00 36 e7 3c 90 28 00 00 44 00 00 00 00
01[32]: ff 08 92 47 01 51 01 00 00 00 33 00 36 f1 2c 70 00 00 00 00 36 e7 3c 90 28 00 00 44 00 00 00 00
81[32]: aa 01 46 f1 00 00 00 00 00 00 00 00 00 00 00 00 00 00 00 00 00 00 00 00 00 00 00 00 00 00 00 00
81[32]: aa 01 47 f2 00 00 00 00 00 00 00 00 00 00 00 00 00 00 00 00 00 00 00 00 00 00 00 00 00 00 00 00
01[32]: ff 02 83 48 cc 51 01 00 00 00 33 00 36 f1 2c 70 00 00 00 00 36 e7 3c 90 28 00 00 44 00 00 00 00
81[32]: aa 09 48 55 16 81 80 08 00 a8 10 27 00 00 00 00 00 00 00 00 00 00 00 00 00 00 00 00 00 00 00 00
01[32]: ff 08 92 49 02 24 02 ff 5a 00 63 00 36 f1 2c 70 00 00 00 00 36 e7 3c 90 28 00 00 44 00 00 00 00
81[32]: aa 01 49 f4 00 00 00 00 00 00 00 00 00 00 00 00 00 00 00 00 00 00 00 00 00 00 00 00 00 00 00 00
01[32]: ff 02 a1 4a ec 24 02 ff 5a 00 63 00 36 f1 2c 70 00 00 00 00 36 e7 3c 90 28 00 00 44 00 00 00 00
81[32]: aa 03 4a 20 09 20 00 00 00 00 00 00 00 00 00 00 00 00 00 00 00 00 00 00 00 00 00 00 00 00 00 00
01[32]: ff 03 b4 4b 00 01 02 ff 5a 00 63 00 36 f1 2c 70 00 00 00 00 36 e7 3c 90 28 00 00 44 00 00 00 00
81[32]: aa 09 4b 00 04 2b 64 4a 04 3a 80 99 00 00 00 00 00 00 00 00 00 00 00 00 00 00 00 00 00 00 00 00
01[32]: ff 08 92 4c 03 51 01 fc bd 7e 71 00 36 f1 2c 70 00 00 00 00 36 e7 3c 90 28 00 00 44 00 00 00 00
01[32]: ff 08 92 4d 01 51 01 fc bd 7e 70 00 36 f1 2c 70 00 00 00 00 36 e7 3c 90 28 00 00 44 00 00 00 00
81[32]: aa 01 4c f7 00 00 00 00 00 00 00 00 00 00 00 00 00 00 00 00 00 00 00 00 00 00 00 00 00 00 00 00
81[32]: aa 01 4d f8 00 00 00 00 00 00 00 00 00 00 00 00 00 00 00 00 00 00 00 00 00 00 00 00 00 00 00 00
01[32]: ff 08 92 4e 03 51 01 00 00 00 3c 00 36 f1 2c 70 00 00 00 00 36 e7 3c 90 28 00 00 44 00 00 00 00
01[32]: ff 08 92 4f 01 51 01 00 00 00 3b 00 36 f1 2c 70 00 00 00 00 36 e7 3c 90 28 00 00 44 00 00 00 00
81[32]: aa 01 4e f9 00 00 00 00 00 00 00 00 00 00 00 00 00 00 00 00 00 00 00 00 00 00 00 00 00 00 00 00
81[32]: aa 01 4f fa 00 00 00 00 00 00 00 00 00 00 00 00 00 00 00 00 00 00 00 00 00 00 00 00 00 00 00 00
01[32]: ff 08 92 50 02 24 02 ff 00 00 10 00 36 f1 2c 70 00 00 00 00 36 e7 3c 90 28 00 00 44 00 00 00 00
81[32]: aa 01 50 fb 00 00 00 00 00 00 00 00 00 00 00 00 00 00 00 00 00 00 00 00 00 00 00 00 00 00 00 00
01[32]: ff 02 83 51 d5 24 02 ff 00 00 10 00 36 f1 2c 70 00 00 00 00 36 e7 3c 90 28 00 00 44 00 00 00 00
81[32]: aa 09 51 50 03 90 1c 80 00 2a 61 0e 00 00 00 00 00 00 00 00 00 00 00 00 00 00 00 00 00 00 00 00
01[32]: ff 08 92 52 03 51 01 fc bd 7e 77 00 36 f1 2c 70 00 00 00 00 36 e7 3c 90 28 00 00 44 00 00 00 00
01[32]: ff 08 92 53 01 51 01 fc bd 7e 76 00 36 f1 2c 70 00 00 00 00 36 e7 3c 90 28 00 00 44 00 00 00 00
81[32]: aa 01 52 fd 00 00 00 00 00 00 00 00 00 00 00 00 00 00 00 00 00 00 00 00 00 00 00 00 00 00 00 00
81[32]: aa 01 53 fe 00 00 00 00 00 00 00 00 00 00 00 00 00 00 00 00 00 00 00 00 00 00 00 00 00 00 00 00
01[32]: ff 02 a1 54 f6 51 01 fc bd 7e 76 00 36 f1 2c 70 00 00 00 00 36 e7 3c 90 28 00 00 44 00 00 00 00
81[32]: aa 03 54 20 09 2a 00 00 00 00 00 00 00 00 00 00 00 00 00 00 00 00 00 00 00 00 00 00 00 00 00 00
01[32]: ff 03 b4 55 00 0b 01 fc bd 7e 76 00 36 f1 2c 70 00 00 00 00 36 e7 3c 90 28 00 00 44 00 00 00 00
81[32]: aa 09 55 00 04 2b 64 4a 04 3a 80 a3 00 00 00 00 00 00 00 00 00 00 00 00 00 00 00 00 00 00 00 00
01[32]: ff 08 92 56 02 24 02 ff 5a 00 70 00 36 f1 2c 70 00 00 00 00 36 e7 3c 90 28 00 00 44 00 00 00 00
81[32]: aa 01 56 01 00 00 00 00 00 00 00 00 00 00 00 00 00 00 00 00 00 00 00 00 00 00 00 00 00 00 00 00
01[32]: ff 08 92 57 03 51 01 00 00 00 45 00 36 f1 2c 70 00 00 00 00 36 e7 3c 90 00 00 00 00 00 00 00 00
01[32]: ff 08 92 58 01 51 01 00 00 00 44 00 36 f1 2c 70 00 00 00 00 36 e7 3c 90 00 00 00 00 00 00 00 00
81[32]: aa 01 57 02 00 00 00 00 00 00 00 00 00 00 00 00 00 00 00 00 00 00 00 00 00 00 00 00 00 00 00 00
81[32]: aa 01 58 03 00 00 00 00 00 00 00 00 00 00 00 00 00 00 00 00 00 00 00 00 00 00 00 00 00 00 00 00
01[32]: ff 02 83 59 dd 51 01 00 00 00 44 00 36 f1 2c 70 00 00 00 00 36 e7 3c 90 00 00 00 00 00 00 00 00
81[32]: aa 09 59 00 01 89 80 18 04 2a 71 cd 00 00 00 00 00 00 00 00 00 00 00 00 00 00 00 00 00 00 00 00
01[32]: ff 08 92 5a 03 51 01 fc bd 7e 7f 00 36 f1 2c 70 00 00 00 00 36 e7 3c 90 00 00 00 00 00 00 00 00
01[32]: ff 08 92 5b 01 51 01 fc bd 7e 7e 00 36 f1 2c 70 00 00 00 00 36 e7 3c 90 00 00 00 00 00 00 00 00
81[32]: aa 01 5a 05 00 00 00 00 00 00 00 00 00 00 00 00 00 00 00 00 00 00 00 00 00 00 00 00 00 00 00 00
81[32]: aa 01 5b 06 00 00 00 00 00 00 00 00 00 00 00 00 00 00 00 00 00 00 00 00 00 00 00 00 00 00 00 00
01[32]: ff 08 92 5c 02 24 02 ff 00 00 1c 00 36 f1 2c 70 00 00 00 00 36 e7 3c 90 28 00 00 44 00 00 00 00
81[32]: aa 01 5c 07 00 00 00 00 00 00 00 00 00 00 00 00 00 00 00 00 00 00 00 00 00 00 00 00 00 00 00 00
01[32]: ff 02 a1 5d ff 24 02 ff 00 00 1c 00 36 f1 2c 70 00 00 00 00 36 e7 3c 90 28 00 00 44 00 00 00 00
81[32]: aa 03 5d 20 09 33 00 00 00 00 00 00 00 00 00 00 00 00 00 00 00 00 00 00 00 00 00 00 00 00 00 00
01[32]: ff 03 b4 5e 00 14 02 ff 00 00 1c 00 36 f1 2c 70 00 00 00 00 36 e7 3c 90 28 00 00 44 00 00 00 00
81[32]: aa 09 5e 00 04 2b 64 4a 04 3a 80 ac 00 00 00 00 00 00 00 00 00 00 00 00 00 00 00 00 00 00 00 00
01[32]: ff 08 92 5f 03 51 01 00 00 00 4d 00 36 f1 2c 70 00 00 00 00 36 e7 3c 90 28 00 00 44 00 00 00 00
01[32]: ff 08 92 60 01 51 01 00 00 00 4c 00 36 f1 2c 70 00 00 00 00 36 e7 3c 90 28 00 00 44 00 00 00 00
81[32]: aa 01 5f 0a 00 00 00 00 00 00 00 00 00 00 00 00 00 00 00 00 00 00 00 00 00 00 00 00 00 00 00 00
81[32]: aa 01 60 0b 00 00 00 00 00 00 00 00 00 00 00 00 00 00 00 00 00 00 00 00 00 00 00 00 00 00 00 00
01[32]: ff 08 92 61 02 24 02 ff 5a 00 7b 00 36 f1 2c 70 00 00 00 00 36 e7 3c 90 28 00 00 44 00 00 00 00
81[32]: aa 01 61 0c 00 00 00 00 00 00 00 00 00 00 00 00 00 00 00 00 00 00 00 00 00 00 00 00 00 00 00 00
01[32]: ff 08 92 62 03 51 01 fc bd 7e 87 00 36 f1 2c 70 00 00 00 00 36 e7 3c 90 00 00 00 00 00 00 00 00
01[32]: ff 08 92 63 01 51 01 fc bd 7e 86 00 36 f1 2c 70 00 00 00 00 36 e7 3c 90 00 00 00 00 00 00 00 00
81[32]: aa 01 62 0d 00 00 00 00 00 00 00 00 00 00 00 00 00 00 00 00 00 00 00 00 00 00 00 00 00 00 00 00
81[32]: aa 01 63 0e 00 00 00 00 00 00 00 00 00 00 00 00 00 00 00 00 00 00 00 00 00 00 00 00 00 00 00 00
01[32]: ff 02 83 64 e8 51 01 fc bd 7e 86 00 36 f1 2c 70 00 00 00 00 36 e7 3c 90 00 00 00 00 00 00 00 00
81[32]: aa 09 64 11 07 90 00 d0 44 2a 01 fe 00 00 00 00 00 00 00 00 00 00 00 00 00 00 00 00 00 00 00 00
01[32]: ff 02 a1 65 07 51 01 fc bd 7e 86 00 36 f1 2c 70 00 00 00 00 36 e7 3c 90 00 00 00 00 00 00 00 00
81[32]: aa 03 65 20 09 3b 00 00 00 00 00 00 00 00 00 00 00 00 00 00 00 00 00 00 00 00 00 00 00 00 00 00
01[32]: ff 03 b4 66 00 1c 01 fc bd 7e 86 00 36 f1 2c 70 00 00 00 00 36 e7 3c 90 00 00 00 00 00 00 00 00
81[32]: aa 09 66 00 04 2b 64 4a 04 3a 80 b4 00 00 00 00 00 00 00 00 00 00 00 00 00 00 00 00 00 00 00 00
01[32]: ff 08 92 67 03 51 01 00 00 00 55 00 36 f1 2c 70 00 00 00 00 36 e7 3c 90 28 00 00 44 00 00 00 00
01[32]: ff 08 92 68 01 51 01 00 00 00 54 00 36 f1 2c 70 00 00 00 00 36 e7 3c 90 28 00 00 44 00 00 00 00
81[32]: aa 01 67 12 00 00 00 00 00 00 00 00 00 00 00 00 00 00 00 00 00 00 00 00 00 00 00 00 00 00 00 00
81[32]: aa 01 68 13 00 00 00 00 00 00 00 00 00 00 00 00 00 00 00 00 00 00 00 00 00 00 00 00 00 00 00 00
01[32]: ff 08 92 69 02 24 02 ff 00 00 29 00 36 f1 2c 70 00 00 00 00 36 e7 3c 90 00 00 00 00 00 00 00 00
81[32]: aa 01 69 14 00 00 00 00 00 00 00 00 00 00 00 00 00 00 00 00 00 00 00 00 00 00 00 00 00 00 00 00
01[32]: ff 08 92 6a 03 51 01 fc bd 7e 8f 00 36 f1 2c 70 00 00 00 00 36 e7 3c 90 00 00 00 00 00 00 00 00
01[32]: ff 08 92 6b 01 51 01 fc bd 7e 8e 00 36 f1 2c 70 00 00 00 00 36 e7 3c 90 00 00 00 00 00 00 00 00
81[32]: aa 01 6a 15 00 00 00 00 00 00 00 00 00 00 00 00 00 00 00 00 00 00 00 00 00 00 00 00 00 00 00 00
81[32]: aa 01 6b 16 00 00 00 00 00 00 00 00 00 00 00 00 00 00 00 00 00 00 00 00 00 00 00 00 00 00 00 00
01[32]: ff 02 83 6c f0 51 01 fc bd 7e 8e 00 36 f1 2c 70 00 00 00 00 36 e7 3c 90 00 00 00 00 00 00 00 00
81[32]: aa 09 6c 41 10 10 1c 58 01 08 60 5d 00 00 00 00 00 00 00 00 00 00 00 00 00 00 00 00 00 00 00 00
01[32]: ff 08 92 6d 02 24 02 ff 5a 00 87 00 36 f1 2c 70 00 00 00 00 36 e7 3c 90 28 00 00 44 00 00 00 00
81[32]: aa 01 6d 18 00 00 00 00 00 00 00 00 00 00 00 00 00 00 00 00 00 00 00 00 00 00 00 00 00 00 00 00
01[32]: ff 02 a1 6e 10 24 02 ff 5a 00 87 00 36 f1 2c 70 00 00 00 00 36 e7 3c 90 28 00 00 44 00 00 00 00
81[32]: aa 03 6e 20 09 44 00 00 00 00 00 00 00 00 00 00 00 00 00 00 00 00 00 00 00 00 00 00 00 00 00 00
01[32]: ff 03 b4 6f 00 25 02 ff 5a 00 87 00 36 f1 2c 70 00 00 00 00 36 e7 3c 90 28 00 00 44 00 00 00 00
81[32]: aa 09 6f 00 04 2b 64 4a 04 3a 80 bd 00 00 00 00 00 00 00 00 00 00 00 00 00 00 00 00 00 00 00 00
01[32]: ff 08 92 70 03 51 01 00 00 00 5e 00 36 f1 2c 70 00 00 00 00 36 e7 3c 90 00 00 00 00 00 00 00 00
01[32]: ff 08 92 71 01 51 01 00 00 00 5d 00 36 f1 2c 70 00 00 00 00 36 e7 3c 90 00 00 00 00 00 00 00 00
81[32]: aa 01 70 1b 00 00 00 00 00 00 00 00 00 00 00 00 00 00 00 00 00 00 00 00 00 00 00 00 00 00 00 00
81[32]: aa 01 71 1c 00 00 00 00 00 00 00 00 00 00 00 00 00 00 00 00 00 00 00 00 00 00 00 00 00 00 00 00
01[32]: ff 08 92 72 03 51 01 fc bd 7e 97 00 36 f1 2c 70 00 00 00 00 36 e7 3c 90 28 00 00 44 00 00 00 00
01[32]: ff 08 92 73 01 51 01 fc bd 7e 96 00 36 f1 2c 70 00 00 00 00 36 e7 3c 90 28 00 00 44 00 00 00 00
81[32]: aa 01 72 1d 00 00 00 00 00 00 00 00 00 00 00 00 00 00 00 00 00 00 00 00 00 00 00 00 00 00 00 00
81[32]: aa 01 73 1e 00 00 00 00 00 00 00 00 00 00 00 00 00 00 00 00 00 00 00 00 00 00 00 00 00 00 00 00
01[32]: ff 08 92 74 02 24 02 ff 00 00 34 00 36 f1 2c 70 00 00 00 00 36 e7 3c 90 28 00 00 44 00 00 00 00
81[32]: aa 01 74 1f 00 00 00 00 00 00 00 00 00 00 00 00 00 00 00 00 00 00 00 00 00 00 00 00 00 00 00 00
01[32]: ff 02 83 75 f9 24 02 ff 00 00 34 00 36 f1 2c 70 00 00 00 00 36 e7 3c 90 28 00 00 44 00 00 00 00
81[32]: aa 09 75 50 06 88 94 98 55 8a 11 22 00 00 00 00 00 00 00 00 00 00 00 00 00 00 00 00 00 00 00 00
01[32]: ff 08 92 76 03 51 01 00 00 00 64 00 36 f1 2c 70 00 00 00 00 36 e7 3c 90 28 00 00 44 00 00 00 00
01[32]: ff 08 92 77 01 51 01 00 00 00 63 00 36 f1 2c 70 00 00 00 00 36 e7 3c 90 28 00 00 44 00 00 00 00
81[32]: aa 01 76 21 00 00 00 00 00 00 00 00 00 00 00 00 00 00 00 00 00 00 00 00 00 00 00 00 00 00 00 00
81[32]: aa 01 77 22 00 00 00 00 00 00 00 00 00 00 00 00 00 00 00 00 00 00 00 00 00 00 00 00 00 00 00 00
01[32]: ff 02 a1 78 1a 51 01 00 00 00 63 00 36 f1 2c 70 00 00 00 00 36 e7 3c 90 28 00 00 44 00 00 00 00
81[32]: aa 03 78 20 09 4e 00 00 00 00 00 00 00 00 00 00 00 00 00 00 00 00 00 00 00 00 00 00 00 00 00 00
01[32]: ff 03 b4 79 00 2f 01 00 00 00 63 00 36 f1 2c 70 00 00 00 00 36 e7 3c 90 28 00 00 44 00 00 00 00
81[32]: aa 09 79 00 04 2b 64 4a 04 3a 80 c7 00 00 00 00 00 00 00 00 00 00 00 00 00 00 00 00 00 00 00 00
01[32]: ff 08 92 7a 02 24 02 ff 5a 00 94 00 36 f1 2c 70 00 00 00 00 36 e7 3c 90 28 00 00 44 00 00 00 00
81[32]: aa 01 7a 25 00 00 00 00 00 00 00 00 00 00 00 00 00 00 00 00 00 00 00 00 00 00 00 00 00 00 00 00
01[32]: ff 08 92 7b 03 51 01 fc bd 7e a0 00 36 f1 2c 70 00 00 00 00 36 e7 3c 90 00 00 00 00 00 00 00 00
01[32]: ff 08 92 7c 01 51 01 fc bd 7e 9f 00 36 f1 2c 70 00 00 00 00 36 e7 3c 90 00 00 00 00 00 00 00 00
81[32]: aa 01 7b 26 00 00 00 00 00 00 00 00 00 00 00 00 00 00 00 00 00 00 00 00 00 00 00 00 00 00 00 00
81[32]: aa 01 7c 27 00 00 00 00 00 00 00 00 00 00 00 00 00 00 00 00 00 00 00 00 00 00 00 00 00 00 00 00
01[32]: ff 08 92 7d 03 51 01 00 00 00 6b 00 36 f1 2c 70 00 00 00 00 36 e7 3c 90 00 00 00 00 00 00 00 00
01[32]: ff 08 92 7e 01 51 01 00 00 00 6a 00 36 f1 2c 70 00 00 00 00 36 e7 3c 90 00 00 00 00 00 00 00 00
81[32]: aa 01 7d 28 00 00 00 00 00 00 00 00 00 00 00 00 00 00 00 00 00 00 00 00 00 00 00 00 00 00 00 00
81[32]: aa 01 7e 29 00 00 00 00 00 00 00 00 00 00 00 00 00 00 00 00 00 00 00 00 00 00 00 00 00 00 00 00
01[32]: ff 02 83 7f 03 51 01 00 00 00 6a 00 36 f1 2c 70 00 00 00 00 36 e7 3c 90 00 00 00 00 00 00 00 00
81[32]: aa 09 7f 00 06 18 80 58 41 80 71 5a 00 00 00 00 00 00 00 00 00 00 00 00 00 00 00 00 00 00 00 00
01[32]: ff 08 92 80 02 24 02 ff 00 00 40 00 36 f1 2c 70 00 00 00 00 36 e7 3c 90 28 00 00 44 00 00 00 00
81[32]: aa 01 80 2b 00 00 00 00 00 00 00 00 00 00 00 00 00 00 00 00 00 00 00 00 00 00 00 00 00 00 00 00
01[32]: ff 02 a1 81 23 24 02 ff 00 00 40 00 36 f1 2c 70 00 00 00 00 36 e7 3c 90 28 00 00 44 00 00 00 00
81[32]: aa 03 81 20 09 57 00 00 00 00 00 00 00 00 00 00 00 00 00 00 00 00 00 00 00 00 00 00 00 00 00 00
01[32]: ff 03 b4 82 00 38 02 ff 00 00 40 00 36 f1 2c 70 00 00 00 00 36 e7 3c 90 28 00 00 44 00 00 00 00
81[32]: aa 09 82 00 04 2b 64 4a 04 3a 80 d0 00 00 00 00 00 00 00 00 00 00 00 00 00 00 00 00 00 00 00 00
01[32]: ff 08 92 83 03 51 01 fc bd 7e a8 00 36 f1 2c 70 00 00 00 00 36 e7 3c 90 28 00 00 44 00 00 00 00
01[32]: ff 08 92 84 01 51 01 fc bd 7e a7 00 36 f1 2c 70 00 00 00 00 36 e7 3c 90 28 00 00 44 00 00 00 00
81[32]: aa 01 83 2e 00 00 00 00 00 00 00 00 00 00 00 00 00 00 00 00 00 00 00 00 00 00 00 00 00 00 00 00
81[32]: aa 01 84 2f 00 00 00 00 00 00 00 00 00 00 00 00 00 00 00 00 00 00 00 00 00 00 00 00 00 00 00 00
01[32]: ff 08 92 85 02 24 02 ff 5a 00 9f 00 36 f1 2c 70 00 00 00 00 36 e7 3c 90 28 00 00 44 00 00 00 00
81[32]: aa 01 85 30 00 00 00 00 00 00 00 00 00 00 00 00 00 00 00 00 00 00 00 00 00 00 00 00 00 00 00 00
01[32]: ff 08 92 86 03 51 01 00 00 00 74 00 36 f1 2c 70 00 00 00 00 36 e7 3c 90 28 00 00 44 00 00 00 00
01[32]: ff 08 92 87 01 51 01 00 00 00 73 00 36 f1 2c 70 00 00 00 00 36 e7 3c 90 28 00 00 44 00 00 00 00
81[32]: aa 01 86 31 00 00 00 00 00 00 00 00 00 00 00 00 00 00 00 00 00 00 00 00 00 00 00 00 00 00 00 00
81[32]: aa 01 87 32 00 00 00 00 00 00 00 00 00 00 00 00 00 00 00 00 00 00 00 00 00 00 00 00 00 00 00 00
01[32]: ff 02 83 88 0c 51 01 00 00 00 73 00 36 f1 2c 70 00 00 00 00 36 e7 3c 90 28 00 00 44 00 00 00 00
81[32]: aa 09 88 15 07 81 98 d8 54 82 60 7e 00 00 00 00 00 00 00 00 00 00 00 00 00 00 00 00 00 00 00 00
01[32]: ff 02 a1 89 2b 51 01 00 00 00 73 00 36 f1 2c 70 00 00 00 00 36 e7 3c 90 28 00 00 44 00 00 00 00
81[32]: aa 03 89 20 09 5f 00 00 00 00 00 00 00 00 00 00 00 00 00 00 00 00 00 00 00 00 00 00 00 00 00 00
01[32]: ff 03 b4 8a 00 40 01 00 00 00 73 00 36 f1 2c 70 00 00 00 00 36 e7 3c 90 28 00 00 44 00 00 00 00
81[32]: aa 09 8a 00 04 2b 64 4a 04 3a 80 d8 00 00 00 00 00 00 00 00 00 00 00 00 00 00 00 00 00 00 00 00
01[32]: ff 08 92 8b 03 51 01 fc bd 7e b0 00 36 f1 2c 70 00 00 00 00 36 e7 3c 90 28 00 00 44 00 00 00 00
01[32]: ff 08 92 8c 01 51 01 fc bd 7e af 00 36 f1 2c 70 00 00 00 00 36 e7 3c 90 28 00 00 44 00 00 00 00
81[32]: aa 01 8b 36 00 00 00 00 00 00 00 00 00 00 00 00 00 00 00 00 00 00 00 00 00 00 00 00 00 00 00 00
81[32]: aa 01 8c 37 00 00 00 00 00 00 00 00 00 00 00 00 00 00 00 00 00 00 00 00 00 00 00 00 00 00 00 00
01[32]: ff 08 92 8d 02 24 02 ff 00 00 4d 00 36 f1 2c 70 00 00 00 00 36 e7 3c 90 28 00 00 44 00 00 00 00
81[32]: aa 01 8d 38 00 00 00 00 00 00 00 00 00 00 00 00 00 00 00 00 00 00 00 00 00 00 00 00 00 00 00 00
01[32]: ff 08 92 8e 03 51 01 00 00 00 7c 00 36 f1 2c 70 00 00 00 00 36 e7 3c 90 28 00 00 44 00 00 00 00
01[32]: ff 08 92 8f 01 51 01 00 00 00 7b 00 36 f1 2c 70 00 00 00 00 36 e7 3c 90 28 00 00 44 00 00 00 00
81[32]: aa 01 8e 39 00 00 00 00 00 00 00 00 00 00 00 00 00 00 00 00 00 00 00 00 00 00 00 00 00 00 00 00
81[32]: aa 01 8f 3a 00 00 00 00 00 00 00 00 00 00 00 00 00 00 00 00 00 00 00 00 00 00 00 00 00 00 00 00
01[32]: ff 02 83 90 14 51 01 00 00 00 7b 00 36 f1 2c 70 00 00 00 00 36 e7 3c 90 28 00 00 44 00 00 00 00
81[32]: aa 09 90 55 06 18 98 50 14 a2 41 95 00 00 00 00 00 00 00 00 00 00 00 00 00 00 00 00 00 00 00 00
01[32]: ff 08 92 91 02 24 02 ff 5a 00 ab 00 36 f1 2c 70 00 00 00 00 36 e7 3c 90 28 00 00 44 00 00 00 00
81[32]: aa 01 91 3c 00 00 00 00 00 00 00 00 00 00 00 00 00 00 00 00 00 00 00 00 00 00 00 00 00 00 00 00
01[32]: ff 08 92 92 03 51 01 fc bd 7e b7 00 36 f1 2c 70 00 00 00 00 36 e7 3c 90 28 00 00 44 00 00 00 00
01[32]: ff 08 92 93 01 51 01 fc bd 7e b6 00 36 f1 2c 70 00 00 00 00 36 e7 3c 90 28 00 00 44 00 00 00 00
81[32]: aa 01 92 3d 00 00 00 00 00 00 00 00 00 00 00 00 00 00 00 00 00 00 00 00 00 00 00 00 00 00 00 00
81[32]: aa 01 93 3e 00 00 00 00 00 00 00 00 00 00 00 00 00 00 00 00 00 00 00 00 00 00 00 00 00 00 00 00
01[32]: ff 02 a1 94 36 51 01 fc bd 7e b6 00 36 f1 2c 70 00 00 00 00 36 e7 3c 90 28 00 00 44 00 00 00 00
81[32]: aa 03 94 20 09 6a 00 00 00 00 00 00 00 00 00 00 00 00 00 00 00 00 00 00 00 00 00 00 00 00 00 00
01[32]: ff 03 b4 95 00 4b 01 fc bd 7e b6 00 36 f1 2c 70 00 00 00 00 36 e7 3c 90 28 00 00 44 00 00 00 00
81[32]: aa 09 95 00 04 2b 64 4a 04 3a 80 e3 00 00 00 00 00 00 00 00 00 00 00 00 00 00 00 00 00 00 00 00
01[32]: ff 08 92 96 03 51 01 00 00 00 84 00 36 f1 2c 70 00 00 00 00 36 e7 3c 90 28 00 00 44 00 00 00 00
01[32]: ff 08 92 97 01 51 01 00 00 00 83 00 36 f1 2c 70 00 00 00 00 36 e7 3c 90 28 00 00 44 00 00 00 00
81[32]: aa 01 96 41 00 00 00 00 00 00 00 00 00 00 00 00 00 00 00 00 00 00 00 00 00 00 00 00 00 00 00 00
81[32]: aa 01 97 42 00 00 00 00 00 00 00 00 00 00 00 00 00 00 00 00 00 00 00 00 00 00 00 00 00 00 00 00
01[32]: ff 08 92 98 02 24 02 ff 00 00 58 00 36 f1 2c 70 00 00 00 00 36 e7 3c 90 28 00 00 44 00 00 00 00
81[32]: aa 01 98 43 00 00 00 00 00 00 00 00 00 00 00 00 00 00 00 00 00 00 00 00 00 00 00 00 00 00 00 00
01[32]: ff 02 83 99 1d 24 02 ff 00 00 58 00 36 f1 2c 70 00 00 00 00 36 e7 3c 90 28 00 00 44 00 00 00 00
81[32]: aa 09 99 55 17 00 0c 10 11 a0 11 96 00 00 00 00 00 00 00 00 00 00 00 00 00 00 00 00 00 00 00 00
01[32]: ff 08 92 9a 03 51 01 fc bd 7e bf 00 36 f1 2c 70 00 00 00 00 36 e7 3c 90 28 00 00 44 00 00 00 00
01[32]: ff 08 92 9b 01 51 01 fc bd 7e be 00 36 f1 2c 70 00 00 00 00 36 e7 3c 90 28 00 00 44 00 00 00 00
81[32]: aa 01 9a 45 00 00 00 00 00 00 00 00 00 00 00 00 00 00 00 00 00 00 00 00 00 00 00 00 00 00 00 00
81[32]: aa 01 9b 46 00 00 00 00 00 00 00 00 00 00 00 00 00 00 00 00 00 00 00 00 00 00 00 00 00 00 00 00
01[32]: ff 02 a1 9c 3e 51 01 fc bd 7e be 00 36 f1 2c 70 00 00 00 00 36 e7 3c 90 28 00 00 44 00 00 00 00
81[32]: aa 03 9c 20 09 72 00 00 00 00 00 00 00 00 00 00 00 00 00 00 00 00 00 00 00 00 00 00 00 00 00 00
01[32]: ff 03 b4 9d 00 53 01 fc bd 7e be 00 36 f1 2c 70 00 00 00 00 36 e7 3c 90 28 00 00 44 00 00 00 00
81[32]: aa 09 9d 00 04 2b 64 4a 04 3a 80 eb 00 00 00 00 00 00 00 00 00 00 00 00 00 00 00 00 00 00 00 00
01[32]: ff 08 92 9e 03 51 01 00 00 00 8c 00 36 f1 2c 70 00 00 00 00 36 e7 3c 90 28 00 00 44 00 00 00 00
01[32]: ff 08 92 9f 01 51 01 00 00 00 8b 00 36 f1 2c 70 00 00 00 00 36 e7 3c 90 28 00 00 44 00 00 00 00
81[32]: aa 01 9e 49 00 00 00 00 00 00 00 00 00 00 00 00 00 00 00 00 00 00 00 00 00 00 00 00 00 00 00 00
81[32]: aa 01 9f 4a 00 00 00 00 00 00 00 00 00 00 00 00 00 00 00 00 00 00 00 00 00 00 00 00 00 00 00 00
01[32]: ff 08 92 a0 02 24 02 ff 5a 00 ba 00 36 f1 2c 70 00 00 00 00 36 e7 3c 90 28 00 00 44 00 00 00 00
81[32]: aa 01 a0 4b 00 00 00 00 00 00 00 00 00 00 00 00 00 00 00 00 00 00 00 00 00 00 00 00 00 00 00 00
01[32]: ff 08 92 a1 03 51 01 fc bd 7e c6 00 36 f1 2c 70 00 00 00 00 36 e7 3c 90 28 00 00 44 00 00 00 00
01[32]: ff 08 92 a2 01 51 01 fc bd 7e c5 00 36 f1 2c 70 00 00 00 00 36 e7 3c 90 28 00 00 44 00 00 00 00
81[32]: aa 01 a1 4c 00 00 00 00 00 00 00 00 00 00 00 00 00 00 00 00 00 00 00 00 00 00 00 00 00 00 00 00
81[32]: aa 01 a2 4d 00 00 00 00 00 00 00 00 00 00 00 00 00 00 00 00 00 00 00 00 00 00 00 00 00 00 00 00
01[32]: ff 02 83 a3 27 51 01 fc bd 7e c5 00 36 f1 2c 70 00 00 00 00 36 e7 3c 90 28 00 00 44 00 00 00 00
81[32]: aa 09 a3 51 16 89 04 d8 11 00 11 44 00 00 00 00 00 00 00 00 00 00 00 00 00 00 00 00 00 00 00 00
01[32]: ff 02 a1 a4 46 51 01 fc bd 7e c5 00 36 f1 2c 70 00 00 00 00 36 e7 3c 90 28 00 00 44 00 00 00 00
81[32]: aa 03 a4 20 09 7a 00 00 00 00 00 00 00 00 00 00 00 00 00 00 00 00 00 00 00 00 00 00 00 00 00 00
01[32]: ff 08 92 a5 02 24 02 ff 00 00 65 00 36 f1 2c 70 00 00 00 00 36 e7 3c 90 28 00 00 44 00 00 00 00
01[32]: ff 03 b4 a6 00 5c 02 ff 00 00 65 00 36 f1 2c 70 00 00 00 00 36 e7 3c 90 28 00 00 44 00 00 00 00
81[32]: aa 01 a5 50 00 00 00 00 00 00 00 00 00 00 00 00 00 00 00 00 00 00 00 00 00 00 00 00 00 00 00 00
81[32]: aa 09 a6 00 04 2b 64 4a 04 3a 80 f4 00 00 00 00 00 00 00 00 00 00 00 00 00 00 00 00 00 00 00 00
01[32]: ff 08 92 a7 03 51 01 00 00 00 95 00 36 f1 2c 70 00 00 00 00 36 e7 3c 90 28 00 00 44 00 00 00 00
01[32]: ff 08 92 a8 01 51 01 00 00 00 94 00 36 f1 2c 70 00 00 00 00 36 e7 3c 90 28 00 00 44 00 00 00 00
81[32]: aa 01 a7 52 00 00 00 00 00 00 00 00 00 00 00 00 00 00 00 00 00 00 00 00 00 00 00 00 00 00 00 00
81[32]: aa 01 a8 53 00 00 00 00 00 00 00 00 00 00 00 00 00 00 00 00 00 00 00 00 00 00 00 00 00 00 00 00
01[32]: ff 08 92 a9 03 51 01 fc bd 7e ce 00 36 f1 2c 70 00 00 00 00 36 e7 3c 90 28 00 00 44 00 00 00 00
01[32]: ff 08 92 aa 01 51 01 fc bd 7e cd 00 36 f1 2c 70 00 00 00 00 36 e7 3c 90 28 00 00 44 00 00 00 00
81[32]: aa 01 a9 54 00 00 00 00 00 00 00 00 00 00 00 00 00 00 00 00 00 00 00 00 00 00 00 00 00 00 00 00
81[32]: aa 01 aa 55 00 00 00 00 00 00 00 00 00 00 00 00 00 00 00 00 00 00 00 00 00 00 00 00 00 00 00 00
01[32]: ff 08 92 ab 02 24 02 ff 5a 00 c5 00 36 f1 2c 70 00 00 00 00 36 e7 3c 90 28 00 00 44 00 00 00 00
81[32]: aa 01 ab 56 00 00 00 00 00 00 00 00 00 00 00 00 00 00 00 00 00 00 00 00 00 00 00 00 00 00 00 00
01[32]: ff 02 83 ac 30 24 02 ff 5a 00 c5 00 36 f1 2c 70 00 00 00 00 36 e7 3c 90 28 00 00 44 00 00 00 00
81[32]: aa 09 ac 05 10 18 10 48 45 20 51 9a 00 00 00 00 00 00 00 00 00 00 00 00 00 00 00 00 00 00 00 00
01[32]: ff 02 a1 ad 4f 24 02 ff 5a 00 c5 00 36 f1 2c 70 00 00 00 00 36 e7 3c 90 28 00 00 44 00 00 00 00
81[32]: aa 03 ad 20 09 83 00 00 00 00 00 00 00 00 00 00 00 00 00 00 00 00 00 00 00 00 00 00 00 00 00 00
01[32]: ff 03 b4 ae 00 64 02 ff 5a 00 c5 00 36 f1 2c 70 00 00 00 00 36 e7 3c 90 28 00 00 44 00 00 00 00
81[32]: aa 09 ae 00 04 2b 64 4a 04 3a 80 fc 00 00 00 00 00 00 00 00 00 00 00 00 00 00 00 00 00 00 00 00
01[32]: ff 08 92 af 03 51 01 00 00 00 9d 00 36 f1 2c 70 00 00 00 00 36 e7 3c 90 28 00 00 44 00 00 00 00
01[32]: ff 08 92 b0 01 51 01 00 00 00 9c 00 36 f1 2c 70 00 00 00 00 36 e7 3c 90 28 00 00 44 00 00 00 00
81[32]: aa 01 af 5a 00 00 00 00 00 00 00 00 00 00 00 00 00 00 00 00 00 00 00 00 00 00 00 00 00 00 00 00
81[32]: aa 01 b0 5b 00 00 00 00 00 00 00 00 00 00 00 00 00 00 00 00 00 00 00 00 00 00 00 00 00 00 00 00
01[32]: ff 08 92 b1 02 24 02 ff 00 00 71 00 36 f1 2c 70 00 00 00 00 36 e7 3c 90 28 00 00 44 00 00 00 00
81[32]: aa 01 b1 5c 00 00 00 00 00 00 00 00 00 00 00 00 00 00 00 00 00 00 00 00 00 00 00 00 00 00 00 00
01[32]: ff 08 92 b2 03 51 01 fc bd 7e d7 00 36 f1 2c 70 00 00 00 00 36 e7 3c 90 28 00 00 44 00 00 00 00
01[32]: ff 08 92 b3 01 51 01 fc bd 7e d6 00 36 f1 2c 70 00 00 00 00 36 e7 3c 90 28 00 00 44 00 00 00 00
81[32]: aa 01 b2 5d 00 00 00 00 00 00 00 00 00 00 00 00 00 00 00 00 00 00 00 00 00 00 00 00 00 00 00 00
81[32]: aa 01 b3 5e 00 00 00 00 00 00 00 00 00 00 00 00 00 00 00 00 00 00 00 00 00 00 00 00 00 00 00 00
01[32]: ff 02 83 b4 38 51 01 fc bd 7e d6 00 36 f1 2c 70 00 00 00 00 36 e7 3c 90 28 00 00 44 00 00 00 00
81[32]: aa 09 b4 00 14 89 0c d8 00 00 21 09 00 00 00 00 00 00 00 00 00 00 00 00 00 00 00 00 00 00 00 00
01[32]: ff 08 92 b5 03 51 01 00 00 00 a3 00 36 f1 2c 70 00 00 00 00 36 e7 3c 90 28 00 00 44 00 00 00 00
01[32]: ff 08 92 b6 01 51 01 00 00 00 a2 00 36 f1 2c 70 00 00 00 00 36 e7 3c 90 28 00 00 44 00 00 00 00
81[32]: aa 01 b5 60 00 00 00 00 00 00 00 00 00 00 00 00 00 00 00 00 00 00 00 00 00 00 00 00 00 00 00 00
81[32]: aa 01 b6 61 00 00 00 00 00 00 00 00 00 00 00 00 00 00 00 00 00 00 00 00 00 00 00 00 00 00 00 00
01[32]: ff 02 a1 b7 59 51 01 00 00 00 a2 00 36 f1 2c 70 00 00 00 00 36 e7 3c 90 28 00 00 44 00 00 00 00
81[32]: aa 03 b7 20 09 8d 00 00 00 00 00 00 00 00 00 00 00 00 00 00 00 00 00 00 00 00 00 00 00 00 00 00
01[32]: ff 08 92 b8 02 24 02 ff 5a 00 d2 00 36 f1 2c 70 00 00 00 00 36 e7 3c 90 28 00 00 44 00 00 00 00
81[32]: aa 01 b8 63 00 00 00 00 00 00 00 00 00 00 00 00 00 00 00 00 00 00 00 00 00 00 00 00 00 00 00 00
01[32]: ff 03 b4 b9 00 6f 02 ff 5a 00 d2 00 36 f1 2c 70 00 00 00 00 36 e7 3c 90 28 00 00 44 00 00 00 00
81[32]: aa 09 b9 00 04 2b 64 4a 04 3a 80 07 00 00 00 00 00 00 00 00 00 00 00 00 00 00 00 00 00 00 00 00
01[32]: ff 08 92 ba 03 51 01 fc bd 7e df 00 36 f1 2c 70 00 00 00 00 36 e7 3c 90 28 00 00 44 00 00 00 00
01[32]: ff 08 92 bb 01 51 01 fc bd 7e de 00 36 f1 2c 70 00 00 00 00 36 e7 3c 90 28 00 00 44 00 00 00 00
81[32]: aa 01 ba 65 00 00 00 00 00 00 00 00 00 00 00 00 00 00 00 00 00 00 00 00 00 00 00 00 00 00 00 00
81[32]: aa 01 bb 66 00 00 00 00 00 00 00 00 00 00 00 00 00 00 00 00 00 00 00 00 00 00 00 00 00 00 00 00
01[32]: ff 08 92 bc 02 24 02 ff 00 00 7c 00 36 f1 2c 70 00 00 00 00 36 e7 3c 90 28 00 00 44 00 00 00 00
81[32]: aa 01 bc 67 00 00 00 00 00 00 00 00 00 00 00 00 00 00 00 00 00 00 00 00 00 00 00 00 00 00 00 00
01[32]: ff 02 83 bd 41 24 02 ff 00 00 7c 00 36 f1 2c 70 00 00 00 00 36 e7 3c 90 28 00 00 44 00 00 00 00
81[32]: aa 09 bd 05 17 09 9c 40 11 aa 40 6c 00 00 00 00 00 00 00 00 00 00 00 00 00 00 00 00 00 00 00 00
01[32]: ff 08 92 be 03 51 01 00 00 00 ac 00 36 f1 2c 70 00 00 00 00 36 e7 3c 90 28 00 00 44 00 00 00 00
01[32]: ff 08 92 bf 01 51 01 00 00 00 ab 00 36 f1 2c 70 00 00 00 00 36 e7 3c 90 28 00 00 44 00 00 00 00
81[32]: aa 01 be 69 00 00 00 00 00 00 00 00 00 00 00 00 00 00 00 00 00 00 00 00 00 00 00 00 00 00 00 00
81[32]: aa 01 bf 6a 00 00 00 00 00 00 00 00 00 00 00 00 00 00 00 00 00 00 00 00 00 00 00 00 00 00 00 00
01[32]: ff 02 a1 c0 62 51 01 00 00 00 ab 00 36 f1 2c 70 00 00 00 00 36 e7 3c 90 28 00 00 44 00 00 00 00
81[32]: aa 03 c0 20 09 96 00 00 00 00 00 00 00 00 00 00 00 00 00 00 00 00 00 00 00 00 00 00 00 00 00 00
01[32]: ff 03 b4 c1 00 77 01 00 00 00 ab 00 36 f1 2c 70 00 00 00 00 36 e7 3c 90 28 00 00 44 00 00 00 00
81[32]: aa 09 c1 00 04 2b 64 4a 04 3a 80 0f 00 00 00 00 00 00 00 00 00 00 00 00 00 00 00 00 00 00 00 00
01[32]: ff 08 92 c2 03 51 01 fc bd 7e e7 00 36 f1 2c 70 00 00 00 00 36 e7 3c 90 00 00 00 00 00 00 00 00
01[32]: ff 08 92 c3 01 51 01 fc bd 7e e6 00 36 f1 2c 70 00 00 00 00 36 e7 3c 90 00 00 00 00 00 00 00 00
81[32]: aa 01 c2 6d 00 00 00 00 00 00 00 00 00 00 00 00 00 00 00 00 00 00 00 00 00 00 00 00 00 00 00 00
81[32]: aa 01 c3 6e 00 00 00 00 00 00 00 00 00 00 00 00 00 00 00 00 00 00 00 00 00 00 00 00 00 00 00 00
01[32]: ff 08 92 c4 02 24 02 ff 5a 00 de 00 36 f1 2c 70 00 00 00 00 36 e7 3c 90 28 00 00 44 00 00 00 00
81[32]: aa 01 c4 6f 00 00 00 00 00 00 00 00 00 00 00 00 00 00 00 00 00 00 00 00 00 00 00 00 00 00 00 00
01[32]: ff 08 92 c5 03 51 01 00 00 00 b3 00 36 f1 2c 70 00 00 00 00 36 e7 3c 90 28 00 00 44 00 00 00 00
01[32]: ff 08 92 c6 01 51 01 00 00 00 b2 00 36 f1 2c 70 00 00 00 00 36 e7 3c 90 28 00 00 44 00 00 00 00
81[32]: aa 01 c5 70 00 00 00 00 00 00 00 00 00 00 00 00 00 00 00 00 00 00 00 00 00 00 00 00 00 00 00 00
81[32]: aa 01 c6 71 00 00 00 00 00 00 00 00 00 00 00 00 00 00 00 00 00 00 00 00 00 00 00 00 00 00 00 00
01[32]: ff 02 83 c7 4b 51 01 00 00 00 b2 00 36 f1 2c 70 00 00 00 00 36 e7 3c 90 28 00 00 44 00 00 00 00
81[32]: aa 09 c7 10 16 98 00 50 55 0a 40 27 00 00 00 00 00 00 00 00 00 00 00 00 00 00 00 00 00 00 00 00
01[32]: ff 02 a1 c8 6a 51 01 00 00 00 b2 00 36 f1 2c 70 00 00 00 00 36 e7 3c 90 28 00 00 44 00 00 00 00
81[32]: aa 03 c8 20 09 9e 00 00 00 00 00 00 00 00 00 00 00 00 00 00 00 00 00 00 00 00 00 00 00 00 00 00
01[32]: ff 03 b4 c9 00 7f 01 00 00 00 b2 00 36 f1 2c 70 00 00 00 00 36 e7 3c 90 28 00 00 44 00 00 00 00
81[32]: aa 09 c9 00 04 2b 64 4a 04 3a 80 17 00 00 00 00 00 00 00 00 00 00 00 00 00 00 00 00 00 00 00 00
01[32]: ff 08 92 ca 02 24 02 ff 00 00 8a 00 36 f1 2c 70 00 00 00 00 36 e7 3c 90 28 00 00 44 00 00 00 00
81[32]: aa 01 ca 75 00 00 00 00 00 00 00 00 00 00 00 00 00 00 00 00 00 00 00 00 00 00 00 00 00 00 00 00
81[32]: ab 04 03 09 01 00 bc 00 00 00 00 00 00 00 00 00 00 00 00 00 00 00 00 00 00 00 00 00 00 00 00 00
01[32]: ff 03 b4 cb 01 82 02 ff 00 00 8a 00 36 f1 2c 70 00 00 00 00 36 e7 3c 90 28 00 00 44 00 00 00 00
81[32]: aa 09 cb 00 04 ee 3f 3a 75 3b 80 19 00 00 00 00 00 00 00 00 00 00 00 00 00 00 00 00 00 00 00 00
01[32]: ff 05 a2 cc 01 00 01 74 00 00 8a 00 36 f1 2c 70 00 00 00 00 36 e7 3c 90 28 00 00 44 00 00 00 00
81[32]: aa 12 cc 00 52 5b ec 2d 20 55 e5 09 f0 cb 04 41 25 09 d2 56 07 00 00 00 00 00 00 00 00 00 00 00
01[32]: ff 05 a2 cd 01 01 00 75 00 00 8a 00 36 f1 2c 70 00 00 00 00 36 e7 3c 90 28 00 00 44 00 00 00 00
81[32]: aa 12 cd 00 3d c7 3c 1a bf db ac 8c 65 4d a9 e7 ae 4c ad 14 b2 00 00 00 00 00 00 00 00 00 00 00
01[32]: ff 05 a2 ce 01 02 00 77 00 00 8a 00 36 f1 2c 70 00 00 00 00 36 e7 3c 90 28 00 00 44 00 00 00 00
01[32]: ff 08 92 cf 03 51 01 fc bd 7e f4 00 36 f1 2c 70 00 00 00 00 36 e7 3c 90 28 00 00 44 00 00 00 00
81[32]: aa 12 ce 00 06 7f 84 bc ef 6c 0d e4 f9 08 d9 da 4b 8a 35 1c 75 00 00 00 00 00 00 00 00 00 00 00
01[32]: ff 08 92 d0 01 51 01 fc bd 7e f3 00 36 f1 2c 70 00 00 00 00 36 e7 3c 90 28 00 00 44 00 00 00 00
81[32]: aa 01 cf 7a 00 00 00 00 00 00 00 00 00 00 00 00 00 00 00 00 00 00 00 00 00 00 00 00 00 00 00 00
81[32]: aa 01 d0 7b 00 00 00 00 00 00 00 00 00 00 00 00 00 00 00 00 00 00 00 00 00 00 00 00 00 00 00 00
01[32]: ff 05 a2 d1 01 00 02 7a bd 7e f3 00 36 f1 2c 70 00 00 00 00 36 e7 3c 90 28 00 00 44 00 00 00 00
81[32]: aa 12 d1 00 d0 07 b2 d1 15 c1 b1 b1 e6 5a e8 a8 09 d3 37 44 46 00 00 00 00 00 00 00 00 00 00 00
01[32]: ff 05 a2 d2 01 03 00 7c bd 7e f3 00 36 f1 2c 70 00 00 00 00 36 e7 3c 90 28 00 00 44 00 00 00 00
81[32]: aa 12 d2 00 52 72 11 ef 4b 67 53 07 cd b4 26 05 3b cc 94 5d 02 00 00 00 00 00 00 00 00 00 00 00
01[32]: ff 05 a2 d3 01 03 01 7e bd 7e f3 00 36 f1 2c 70 00 00 00 00 36 e7 3c 90 28 00 00 44 00 00 00 00
81[32]: aa 12 d3 00 52 72 11 ef 4b 67 53 07 cd b4 26 05 3b cc 94 5d 03 00 00 00 00 00 00 00 00 00 00 00
01[32]: ff 05 a2 d4 01 01 01 7d bd 7e f3 00 36 f1 2c 70 00 00 00 00 36 e7 3c 90 28 00 00 44 00 00 00 00
81[32]: aa 12 d4 00 1a 85 8d 03 c1 e6 41 6a dc 10 fb ba b7 d9 9c 4c 2a 00 00 00 00 00 00 00 00 00 00 00
01[32]: ff 05 a2 d5 01 02 01 7f bd 7e f3 00 36 f1 2c 70 00 00 00 00 36 e7 3c 90 28 00 00 44 00 00 00 00
81[32]: aa 12 d5 00 5e 83 49 7e 2d 29 ad f7 3e 11 8c fc 4b 48 2c 1b e4 00 00 00 00 00 00 00 00 00 00 00
01[32]: ff 08 92 d6 03 51 01 00 00 00 c4 00 36 f1 2c 70 00 00 00 00 36 e7 3c 90 28 00 00 44 00 00 00 00
01[32]: ff 08 92 d7 01 51 01 00 00 00 c3 00 36 f1 2c 70 00 00 00 00 36 e7 3c 90 28 00 00 44 00 00 00 00
81[32]: aa 01 d6 81 00 00 00 00 00 00 00 00 00 00 00 00 00 00 00 00 00 00 00 00 00 00 00 00 00 00 00 00
81[32]: aa 01 d7 82 00 00 00 00 00 00 00 00 00 00 00 00 00 00 00 00 00 00 00 00 00 00 00 00 00 00 00 00
01[32]: ff 02 83 d8 5c 51 01 00 00 00 c3 00 36 f1 2c 70 00 00 00 00 36 e7 3c 90 28 00 00 44 00 00 00 00
81[32]: aa 09 d8 44 10 80 88 58 54 a8 20 5b 00 00 00 00 00 00 00 00 00 00 00 00 00 00 00 00 00 00 00 00
01[32]: ff 08 92 d9 02 24 02 ff 5a 00 f3 00 36 f1 2c 70 00 00 00 00 36 e7 3c 90 28 00 00 44 00 00 00 00
81[32]: aa 01 d9 84 00 00 00 00 00 00 00 00 00 00 00 00 00 00 00 00 00 00 00 00 00 00 00 00 00 00 00 00
01[32]: ff 02 a1 da 7c 24 02 ff 5a 00 f3 00 36 f1 2c 70 00 00 00 00 36 e7 3c 90 28 00 00 44 00 00 00 00
81[32]: aa 05 da 20 09 31 09 ec 00 00 00 00 00 00 00 00 00 00 00 00 00 00 00 00 00 00 00 00 00 00 00 00
01[32]: ff 03 b4 db 00 91 02 ff 5a 00 f3 00 36 f1 2c 70 00 00 00 00 36 e7 3c 90 28 00 00 44 00 00 00 00
01[32]: ff 03 b4 dc 01 93 02 ff 5a 00 f3 00 36 f1 2c 70 00 00 00 00 36 e7 3c 90 28 00 00 44 00 00 00 00
81[32]: aa 09 db 00 04 2b 64 4a 04 3a 80 29 00 00 00 00 00 00 00 00 00 00 00 00 00 00 00 00 00 00 00 00
81[32]: aa 09 dc 00 04 ee 3f 3a 75 3b 80 2a 00 00 00 00 00 00 00 00 00 00 00 00 00 00 00 00 00 00 00 00
01[32]: ff 08 92 dd 03 51 01 fc bd 7e 02 00 36 f1 2c 70 00 00 00 00 36 e7 3c 90 28 00 00 44 00 00 00 00
01[32]: ff 08 92 de 01 51 01 fc bd 7e 01 00 36 f1 2c 70 00 00 00 00 36 e7 3c 90 28 00 00 44 00 00 00 00
81[32]: aa 01 dd 88 00 00 00 00 00 00 00 00 00 00 00 00 00 00 00 00 00 00 00 00 00 00 00 00 00 00 00 00
81[32]: aa 01 de 89 00 00 00 00 00 00 00 00 00 00 00 00 00 00 00 00 00 00 00 00 00 00 00 00 00 00 00 00
01[32]: ff 08 92 df 02 24 02 ff 00 00 9f 00 36 f1 2c 70 00 00 00 00 36 e7 3c 90 28 00 00 44 00 00 00 00
81[32]: aa 01 df 8a 00 00 00 00 00 00 00 00 00 00 00 00 00 00 00 00 00 00 00 00 00 00 00 00 00 00 00 00
01[32]: ff 08 92 e0 03 51 01 00 00 00 ce 00 36 f1 2c 70 00 00 00 00 36 e7 3c 90 28 00 00 44 00 00 00 00
01[32]: ff 08 92 e1 01 51 01 00 00 00 cd 00 36 f1 2c 70 00 00 00 00 36 e7 3c 90 28 00 00 44 00 00 00 00
81[32]: aa 01 e0 8b 00 00 00 00 00 00 00 00 00 00 00 00 00 00 00 00 00 00 00 00 00 00 00 00 00 00 00 00
81[32]: aa 01 e1 8c 00 00 00 00 00 00 00 00 00 00 00 00 00 00 00 00 00 00 00 00 00 00 00 00 00 00 00 00
01[32]: ff 02 83 e2 66 51 01 00 00 00 cd 00 36 f1 2c 70 00 00 00 00 36 e7 3c 90 28 00 00 44 00 00 00 00
81[32]: aa 09 e2 51 13 80 1c d0 45 08 51 03 00 00 00 00 00 00 00 00 00 00 00 00 00 00 00 00 00 00 00 00
01[32]: ff 08 92 e3 03 51 01 fc bd 7e 08 00 36 f1 2c 70 00 00 00 00 36 e7 3c 90 28 00 00 44 00 00 00 00
01[32]: ff 08 92 e4 01 51 01 fc bd 7e 07 00 36 f1 2c 70 00 00 00 00 36 e7 3c 90 28 00 00 44 00 00 00 00
81[32]: aa 01 e3 8e 00 00 00 00 00 00 00 00 00 00 00 00 00 00 00 00 00 00 00 00 00 00 00 00 00 00 00 00
81[32]: aa 01 e4 8f 00 00 00 00 00 00 00 00 00 00 00 00 00 00 00 00 00 00 00 00 00 00 00 00 00 00 00 00
01[32]: ff 02 a1 e5 87 51 01 fc bd 7e 07 00 36 f1 2c 70 00 00 00 00 36 e7 3c 90 28 00 00 44 00 00 00 00
81[32]: aa 05 e5 20 09 31 09 f7 00 00 00 00 00 00 00 00 00 00 00 00 00 00 00 00 00 00 00 00 00 00 00 00
01[32]: ff 03 b4 e6 00 9c 01 fc bd 7e 07 00 36 f1 2c 70 00 00 00 00 36 e7 3c 90 28 00 00 44 00 00 00 00
01[32]: ff 03 b4 e7 01 9e 01 fc bd 7e 07 00 36 f1 2c 70 00 00 00 00 36 e7 3c 90 28 00 00 44 00 00 00 00
81[32]: aa 09 e6 00 04 2b 64 4a 04 3a 80 34 00 00 00 00 00 00 00 00 00 00 00 00 00 00 00 00 00 00 00 00
81[32]: aa 09 e7 00 04 ee 3f 3a 75 3b 80 35 00 00 00 00 00 00 00 00 00 00 00 00 00 00 00 00 00 00 00 00
01[32]: ff 08 92 e8 02 24 02 ff 5a 00 02 00 36 f1 2c 70 00 00 00 00 36 e7 3c 90 28 00 00 44 00 00 00 00
81[32]: aa 01 e8 93 00 00 00 00 00 00 00 00 00 00 00 00 00 00 00 00 00 00 00 00 00 00 00 00 00 00 00 00
01[32]: ff 08 92 e9 03 51 01 00 00 00 d7 00 36 f1 2c 70 00 00 00 00 36 e7 3c 90 28 00 00 44 00 00 00 00
01[32]: ff 08 92 ea 01 51 01 00 00 00 d6 00 36 f1 2c 70 00 00 00 00 36 e7 3c 90 28 00 00 44 00 00 00 00
81[32]: aa 01 e9 94 00 00 00 00 00 00 00 00 00 00 00 00 00 00 00 00 00 00 00 00 00 00 00 00 00 00 00 00
81[32]: aa 01 ea 95 00 00 00 00 00 00 00 00 00 00 00 00 00 00 00 00 00 00 00 00 00 00 00 00 00 00 00 00
01[32]: ff 02 83 eb 6f 51 01 00 00 00 d6 00 36 f1 2c 70 00 00 00 00 36 e7 3c 90 28 00 00 44 00 00 00 00
81[32]: aa 09 eb 41 16 18 9c 18 40 82 41 c4 00 00 00 00 00 00 00 00 00 00 00 00 00 00 00 00 00 00 00 00
01[32]: ff 08 92 ec 02 24 02 ff 00 00 ac 00 36 f1 2c 70 00 00 00 00 36 e7 3c 90 28 00 00 44 00 00 00 00
01[32]: ff 08 92 ed 03 51 01 fc bd 7e 12 00 36 f1 2c 70 00 00 00 00 36 e7 3c 90 28 00 00 44 00 00 00 00
81[32]: aa 01 ec 97 00 00 00 00 00 00 00 00 00 00 00 00 00 00 00 00 00 00 00 00 00 00 00 00 00 00 00 00
01[32]: ff 08 92 ee 01 51 01 fc bd 7e 11 00 36 f1 2c 70 00 00 00 00 36 e7 3c 90 28 00 00 44 00 00 00 00
81[32]: aa 01 ed 98 00 00 00 00 00 00 00 00 00 00 00 00 00 00 00 00 00 00 00 00 00 00 00 00 00 00 00 00
81[32]: aa 01 ee 99 00 00 00 00 00 00 00 00 00 00 00 00 00 00 00 00 00 00 00 00 00 00 00 00 00 00 00 00
01[32]: ff 02 a1 ef 91 51 01 fc bd 7e 11 00 36 f1 2c 70 00 00 00 00 36 e7 3c 90 28 00 00 44 00 00 00 00
81[32]: aa 05 ef 20 09 31 09 01 00 00 00 00 00 00 00 00 00 00 00 00 00 00 00 00 00 00 00 00 00 00 00 00
01[32]: ff 03 b4 f0 00 a6 01 fc bd 7e 11 00 36 f1 2c 70 00 00 00 00 36 e7 3c 90 28 00 00 44 00 00 00 00
01[32]: ff 03 b4 f1 01 a8 01 fc bd 7e 11 00 36 f1 2c 70 00 00 00 00 36 e7 3c 90 28 00 00 44 00 00 00 00
81[32]: aa 09 f0 00 04 2b 64 4a 04 3a 80 3e 00 00 00 00 00 00 00 00 00 00 00 00 00 00 00 00 00 00 00 00
81[32]: aa 09 f1 00 04 ee 3f 3a 75 3b 80 3f 00 00 00 00 00 00 00 00 00 00 00 00 00 00 00 00 00 00 00 00
01[32]: ff 08 92 f2 03 51 01 00 00 00 e0 00 36 f1 2c 70 00 00 00 00 36 e7 3c 90 28 00 00 44 00 00 00 00
01[32]: ff 08 92 f3 01 51 01 00 00 00 df 00 36 f1 2c 70 00 00 00 00 36 e7 3c 90 28 00 00 44 00 00 00 00
81[32]: aa 01 f2 9d 00 00 00 00 00 00 00 00 00 00 00 00 00 00 00 00 00 00 00 00 00 00 00 00 00 00 00 00
81[32]: aa 01 f3 9e 00 00 00 00 00 00 00 00 00 00 00 00 00 00 00 00 00 00 00 00 00 00 00 00 00 00 00 00
01[32]: ff 08 92 f4 02 24 02 ff 5a 00 0e 00 36 f1 2c 70 00 00 00 00 36 e7 3c 90 28 00 00 44 00 00 00 00
81[32]: aa 01 f4 9f 00 00 00 00 00 00 00 00 00 00 00 00 00 00 00 00 00 00 00 00 00 00 00 00 00 00 00 00
01[32]: ff 08 92 f5 03 51 01 fc bd 7e 1a 00 36 f1 2c 70 00 00 00 00 36 e7 3c 90 28 00 00 44 00 00 00 00
01[32]: ff 08 92 f6 01 51 01 fc bd 7e 19 00 36 f1 2c 70 00 00 00 00 36 e7 3c 90 28 00 00 44 00 00 00 00
81[32]: aa 01 f5 a0 00 00 00 00 00 00 00 00 00 00 00 00 00 00 00 00 00 00 00 00 00 00 00 00 00 00 00 00
81[32]: aa 01 f6 a1 00 00 00 00 00 00 00 00 00 00 00 00 00 00 00 00 00 00 00 00 00 00 00 00 00 00 00 00
01[32]: ff 02 83 f7 7b 51 01 fc bd 7e 19 00 36 f1 2c 70 00 00 00 00 36 e7 3c 90 28 00 00 44 00 00 00 00
81[32]: aa 09 f7 10 06 90 94 10 00 00 51 45 00 00 00 00 00 00 00 00 00 00 00 00 00 00 00 00 00 00 00 00
01[32]: ff 02 a1 f8 9a 51 01 fc bd 7e 19 00 36 f1 2c 70 00 00 00 00 36 e7 3c 90 28 00 00 44 00 00 00 00
81[32]: aa 05 f8 20 09 31 09 0a 00 00 00 00 00 00 00 00 00 00 00 00 00 00 00 00 00 00 00 00 00 00 00 00
01[32]: ff 03 b4 f9 00 af 01 fc bd 7e 19 00 36 f1 2c 70 00 00 00 00 36 e7 3c 90 28 00 00 44 00 00 00 00
01[32]: ff 03 b4 fa 01 b1 01 fc bd 7e 19 00 36 f1 2c 70 00 00 00 00 36 e7 3c 90 28 00 00 44 00 00 00 00
81[32]: aa 09 f9 00 04 2b 64 4a 04 3a 80 47 00 00 00 00 00 00 00 00 00 00 00 00 00 00 00 00 00 00 00 00
81[32]: aa 09 fa 00 04 ee 3f 3a 75 3b 80 48 00 00 00 00 00 00 00 00 00 00 00 00 00 00 00 00 00 00 00 00
01[32]: ff 08 92 fb 03 51 01 00 00 00 e9 00 36 f1 2c 70 00 00 00 00 36 e7 3c 90 28 00 00 44 00 00 00 00
01[32]: ff 08 92 fc 01 51 01 00 00 00 e8 00 36 f1 2c 70 00 00 00 00 36 e7 3c 90 28 00 00 44 00 00 00 00
81[32]: aa 01 fb a6 00 00 00 00 00 00 00 00 00 00 00 00 00 00 00 00 00 00 00 00 00 00 00 00 00 00 00 00
81[32]: aa 01 fc a7 00 00 00 00 00 00 00 00 00 00 00 00 00 00 00 00 00 00 00 00 00 00 00 00 00 00 00 00
01[32]: ff 08 92 fd 02 24 02 ff 00 00 bd 00 36 f1 2c 70 00 00 00 00 36 e7 3c 90 28 00 00 44 00 00 00 00
81[32]: aa 01 fd a8 00 00 00 00 00 00 00 00 00 00 00 00 00 00 00 00 00 00 00 00 00 00 00 00 00 00 00 00
81[32]: ab 04 03 09 01 01 bd 00 00 00 00 00 00 00 00 00 00 00 00 00 00 00 00 00 00 00 00 00 00 00 00 00
01[32]: ff 08 92 fe 03 51 01 fc bd 7e 23 00 36 f1 2c 70 00 00 00 00 36 e7 3c 90 00 00 00 00 00 00 00 00
01[32]: ff 08 92 ff 01 51 01 fc bd 7e 22 00 36 f1 2c 70 00 00 00 00 36 e7 3c 90 00 00 00 00 00 00 00 00
81[32]: aa 01 fe a9 00 00 00 00 00 00 00 00 00 00 00 00 00 00 00 00 00 00 00 00 00 00 00 00 00 00 00 00
81[32]: aa 01 ff aa 00 00 00 00 00 00 00 00 00 00 00 00 00 00 00 00 00 00 00 00 00 00 00 00 00 00 00 00
01[32]: ff 02 83 00 84 51 01 fc bd 7e 22 00 36 f1 2c 70 00 00 00 00 36 e7 3c 90 00 00 00 00 00 00 00 00
81[32]: aa 09 00 41 03 18 88 50 55 a2 61 3f 00 00 00 00 00 00 00 00 00 00 00 00 00 00 00 00 00 00 00 00
01[32]: ff 08 92 01 02 24 02 ff 5a 00 1b 00 36 f1 2c 70 00 00 00 00 36 e7 3c 90 28 00 00 44 00 00 00 00
81[32]: aa 01 01 ac 00 00 00 00 00 00 00 00 00 00 00 00 00 00 00 00 00 00 00 00 00 00 00 00 00 00 00 00
01[32]: ff 08 92 02 03 51 01 00 00 00 f0 00 36 f1 2c 70 00 00 00 00 36 e7 3c 90 28 00 00 44 00 00 00 00
01[32]: ff 08 92 03 01 51 01 00 00 00 ef 00 36 f1 2c 70 00 00 00 00 36 e7 3c 90 28 00 00 44 00 00 00 00
81[32]: aa 01 02 ad 00 00 00 00 00 00 00 00 00 00 00 00 00 00 00 00 00 00 00 00 00 00 00 00 00 00 00 00
81[32]: aa 01 03 ae 00 00 00 00 00 00 00 00 00 00 00 00 00 00 00 00 00 00 00 00 00 00 00 00 00 00 00 00
01[32]: ff 02 a1 04 a6 51 01 00 00 00 ef 00 36 f1 2c 70 00 00 00 00 36 e7 3c 90 28 00 00 44 00 00 00 00
81[32]: aa 03 04 20 09 da 00 00 00 00 00 00 00 00 00 00 00 00 00 00 00 00 00 00 00 00 00 00 00 00 00 00
01[32]: ff 03 b4 05 00 bb 01 00 00 00 ef 00 36 f1 2c 70 00 00 00 00 36 e7 3c 90 28 00 00 44 00 00 00 00
81[32]: aa 09 05 00 04 2b 64 4a 04 3a 80 53 00 00 00 00 00 00 00 00 00 00 00 00 00 00 00 00 00 00 00 00
01[32]: ff 08 92 06 03 51 01 fc bd 7e 2b 00 36 f1 2c 70 00 00 00 00 36 e7 3c 90 28 00 00 44 00 00 00 00
01[32]: ff 08 92 07 01 51 01 fc bd 7e 2a 00 36 f1 2c 70 00 00 00 00 36 e7 3c 90 28 00 00 44 00 00 00 00
81[32]: aa 01 06 b1 00 00 00 00 00 00 00 00 00 00 00 00 00 00 00 00 00 00 00 00 00 00 00 00 00 00 00 00
81[32]: aa 01 07 b2 00 00 00 00 00 00 00 00 00 00 00 00 00 00 00 00 00 00 00 00 00 00 00 00 00 00 00 00
01[32]: ff 08 92 08 02 24 02 ff 00 00 c8 00 36 f1 2c 70 00 00 00 00 36 e7 3c 90 28 00 00 44 00 00 00 00
81[32]: aa 01 08 b3 00 00 00 00 00 00 00 00 00 00 00 00 00 00 00 00 00 00 00 00 00 00 00 00 00 00 00 00
01[32]: ff 02 83 09 8d 24 02 ff 00 00 c8 00 36 f1 2c 70 00 00 00 00 36 e7 3c 90 28 00 00 44 00 00 00 00
81[32]: aa 09 09 04 13 99 0c 98 54 8a 10 fe 00 00 00 00 00 00 00 00 00 00 00 00 00 00 00 00 00 00 00 00
01[32]: ff 08 92 0a 03 51 01 00 00 00 f8 00 36 f1 2c 70 00 00 00 00 36 e7 3c 90 28 00 00 44 00 00 00 00
01[32]: ff 08 92 0b 01 51 01 00 00 00 f7 00 36 f1 2c 70 00 00 00 00 36 e7 3c 90 28 00 00 44 00 00 00 00
81[32]: aa 01 0a b5 00 00 00 00 00 00 00 00 00 00 00 00 00 00 00 00 00 00 00 00 00 00 00 00 00 00 00 00
81[32]: aa 01 0b b6 00 00 00 00 00 00 00 00 00 00 00 00 00 00 00 00 00 00 00 00 00 00 00 00 00 00 00 00
01[32]: ff 02 a1 0c ae 51 01 00 00 00 f7 00 36 f1 2c 70 00 00 00 00 36 e7 3c 90 28 00 00 44 00 00 00 00
81[32]: aa 03 0c 20 09 e2 00 00 00 00 00 00 00 00 00 00 00 00 00 00 00 00 00 00 00 00 00 00 00 00 00 00
01[32]: ff 03 b4 0d 00 c3 01 00 00 00 f7 00 36 f1 2c 70 00 00 00 00 36 e7 3c 90 28 00 00 44 00 00 00 00
81[32]: aa 09 0d 00 04 2b 64 4a 04 3a 80 5b 00 00 00 00 00 00 00 00 00 00 00 00 00 00 00 00 00 00 00 00
01[32]: ff 08 92 0e 02 24 02 ff 5a 00 28 00 36 f1 2c 70 00 00 00 00 36 e7 3c 90 28 00 00 44 00 00 00 00
81[32]: aa 01 0e b9 00 00 00 00 00 00 00 00 00 00 00 00 00 00 00 00 00 00 00 00 00 00 00 00 00 00 00 00
01[32]: ff 08 92 0f 03 51 01 fc bd 7e 34 00 36 f1 2c 70 00 00 00 00 36 e7 3c 90 28 00 00 44 00 00 00 00
01[32]: ff 08 92 10 01 51 01 fc bd 7e 33 00 36 f1 2c 70 00 00 00 00 36 e7 3c 90 28 00 00 44 00 00 00 00
81[32]: aa 01 0f ba 00 00 00 00 00 00 00 00 00 00 00 00 00 00 00 00 00 00 00 00 00 00 00 00 00 00 00 00
81[32]: aa 01 10 bb 00 00 00 00 00 00 00 00 00 00 00 00 00 00 00 00 00 00 00 00 00 00 00 00 00 00 00 00
01[32]: ff 02 83 11 95 51 01 fc bd 7e 33 00 36 f1 2c 70 00 00 00 00 36 e7 3c 90 28 00 00 44 00 00 00 00
81[32]: aa 09 11 04 10 00 8c 48 44 00 40 30 00 00 00 00 00 00 00 00 00 00 00 00 00 00 00 00 00 00 00 00
01[32]: ff 08 92 12 03 51 01 00 00 00 00 00 36 f1 2c 70 00 00 00 00 36 e7 3c 90 28 00 00 44 00 00 00 00
01[32]: ff 08 92 13 01 51 01 00 00 00 ff 00 36 f1 2c 70 00 00 00 00 36 e7 3c 90 28 00 00 44 00 00 00 00
81[32]: aa 01 12 bd 00 00 00 00 00 00 00 00 00 00 00 00 00 00 00 00 00 00 00 00 00 00 00 00 00 00 00 00
81[32]: aa 01 13 be 00 00 00 00 00 00 00 00 00 00 00 00 00 00 00 00 00 00 00 00 00 00 00 00 00 00 00 00
01[32]: ff 08 92 14 02 24 02 ff 00 00 d4 00 36 f1 2c 70 00 00 00 00 36 e7 3c 90 28 00 00 44 00 00 00 00
81[32]: aa 01 14 bf 00 00 00 00 00 00 00 00 00 00 00 00 00 00 00 00 00 00 00 00 00 00 00 00 00 00 00 00
01[32]: ff 02 a1 15 b7 24 02 ff 00 00 d4 00 36 f1 2c 70 00 00 00 00 36 e7 3c 90 28 00 00 44 00 00 00 00
81[32]: aa 03 15 20 09 eb 00 00 00 00 00 00 00 00 00 00 00 00 00 00 00 00 00 00 00 00 00 00 00 00 00 00
01[32]: ff 03 b4 16 00 cc 02 ff 00 00 d4 00 36 f1 2c 70 00 00 00 00 36 e7 3c 90 28 00 00 44 00 00 00 00
81[32]: aa 09 16 00 04 2b 64 4a 04 3a 80 64 00 00 00 00 00 00 00 00 00 00 00 00 00 00 00 00 00 00 00 00
01[32]: ff 08 92 17 03 51 01 fc bd 7e 3c 00 36 f1 2c 70 00 00 00 00 36 e7 3c 90 28 00 00 44 00 00 00 00
01[32]: ff 08 92 18 01 51 01 fc bd 7e 3b 00 36 f1 2c 70 00 00 00 00 36 e7 3c 90 28 00 00 44 00 00 00 00
81[32]: aa 01 17 c2 00 00 00 00 00 00 00 00 00 00 00 00 00 00 00 00 00 00 00 00 00 00 00 00 00 00 00 00
81[32]: aa 01 18 c3 00 00 00 00 00 00 00 00 00 00 00 00 00 00 00 00 00 00 00 00 00 00 00 00 00 00 00 00
01[32]: ff 08 92 19 02 24 02 ff 5a 00 33 00 36 f1 2c 70 00 00 00 00 36 e7 3c 90 28 00 00 44 00 00 00 00
81[32]: aa 01 19 c4 00 00 00 00 00 00 00 00 00 00 00 00 00 00 00 00 00 00 00 00 00 00 00 00 00 00 00 00
01[32]: ff 08 92 1a 03 51 01 00 00 00 08 00 36 f1 2c 70 00 00 00 00 36 e7 3c 90 00 00 00 00 00 00 00 00
01[32]: ff 08 92 1b 01 51 01 00 00 00 07 00 36 f1 2c 70 00 00 00 00 36 e7 3c 90 00 00 00 00 00 00 00 00
81[32]: aa 01 1a c5 00 00 00 00 00 00 00 00 00 00 00 00 00 00 00 00 00 00 00 00 00 00 00 00 00 00 00 00
81[32]: aa 01 1b c6 00 00 00 00 00 00 00 00 00 00 00 00 00 00 00 00 00 00 00 00 00 00 00 00 00 00 00 00
01[32]: ff 02 83 1c a0 51 01 00 00 00 07 00 36 f1 2c 70 00 00 00 00 36 e7 3c 90 00 00 00 00 00 00 00 00
81[32]: aa 09 1c 54 07 09 94 c0 01 00 70 f8 00 00 00 00 00 00 00 00 00 00 00 00 00 00 00 00 00 00 00 00
01[32]: ff 02 a1 1d bf 51 01 00 00 00 07 00 36 f1 2c 70 00 00 00 00 36 e7 3c 90 00 00 00 00 00 00 00 00
81[32]: aa 03 1d 20 09 f3 00 00 00 00 00 00 00 00 00 00 00 00 00 00 00 00 00 00 00 00 00 00 00 00 00 00
01[32]: ff 03 b4 1e 00 d4 01 00 00 00 07 00 36 f1 2c 70 00 00 00 00 36 e7 3c 90 00 00 00 00 00 00 00 00
81[32]: aa 09 1e 00 04 2b 64 4a 04 3a 80 6c 00 00 00 00 00 00 00 00 00 00 00 00 00 00 00 00 00 00 00 00
01[32]: ff 08 92 1f 03 51 01 fc bd 7e 44 00 36 f1 2c 70 00 00 00 00 36 e7 3c 90 28 00 00 44 00 00 00 00
01[32]: ff 08 92 20 01 51 01 fc bd 7e 43 00 36 f1 2c 70 00 00 00 00 36 e7 3c 90 28 00 00 44 00 00 00 00
81[32]: aa 01 1f ca 00 00 00 00 00 00 00 00 00 00 00 00 00 00 00 00 00 00 00 00 00 00 00 00 00 00 00 00
81[32]: aa 01 20 cb 00 00 00 00 00 00 00 00 00 00 00 00 00 00 00 00 00 00 00 00 00 00 00 00 00 00 00 00
01[32]: ff 08 92 21 02 24 02 ff 00 00 e1 00 36 f1 2c 70 00 00 00 00 36 e7 3c 90 28 00 00 44 00 00 00 00
81[32]: aa 01 21 cc 00 00 00 00 00 00 00 00 00 00 00 00 00 00 00 00 00 00 00 00 00 00 00 00 00 00 00 00
01[32]: ff 08 92 22 03 51 01 00 00 00 10 00 36 f1 2c 70 00 00 00 00 36 e7 3c 90 28 00 00 44 00 00 00 00
01[32]: ff 08 92 23 01 51 01 00 00 00 0f 00 36 f1 2c 70 00 00 00 00 36 e7 3c 90 28 00 00 44 00 00 00 00
81[32]: aa 01 22 cd 00 00 00 00 00 00 00 00 00 00 00 00 00 00 00 00 00 00 00 00 00 00 00 00 00 00 00 00
81[32]: aa 01 23 ce 00 00 00 00 00 00 00 00 00 00 00 00 00 00 00 00 00 00 00 00 00 00 00 00 00 00 00 00
01[32]: ff 02 83 24 a8 51 01 00 00 00 0f 00 36 f1 2c 70 00 00 00 00 36 e7 3c 90 28 00 00 44 00 00 00 00
81[32]: aa 09 24 04 00 00 0c c0 05 88 30 64 00 00 00 00 00 00 00 00 00 00 00 00 00 00 00 00 00 00 00 00
01[32]: ff 08 92 25 02 24 02 ff 5a 00 3f 00 36 f1 2c 70 00 00 00 00 36 e7 3c 90 28 00 00 44 00 00 00 00
81[32]: aa 01 25 d0 00 00 00 00 00 00 00 00 00 00 00 00 00 00 00 00 00 00 00 00 00 00 00 00 00 00 00 00
01[32]: ff 15 a3 26 00 01 00 8c 99 8d fb 11 95 3e bb 1e c2 a2 15 cc 39 f6 1e da 28 00 00 44 00 00 00 00
81[32]: aa 02 26 00 d2 00 00 00 00 00 00 00 00 00 00 00 00 00 00 00 00 00 00 00 00 00 00 00 00 00 00 00
01[32]: ff 08 92 27 03 51 01 fc bd 7e 4c 00 36 f1 2c 70 00 00 00 00 36 e7 3c 90 28 00 00 44 00 00 00 00
01[32]: ff 08 92 28 01 51 01 fc bd 7e 4b 00 36 f1 2c 70 00 00 00 00 36 e7 3c 90 28 00 00 44 00 00 00 00
81[32]: aa 01 27 d2 00 00 00 00 00 00 00 00 00 00 00 00 00 00 00 00 00 00 00 00 00 00 00 00 00 00 00 00
81[32]: aa 01 28 d3 00 00 00 00 00 00 00 00 00 00 00 00 00 00 00 00 00 00 00 00 00 00 00 00 00 00 00 00
01[32]: ff 02 a1 29 cb 51 01 fc bd 7e 4b 00 36 f1 2c 70 00 00 00 00 36 e7 3c 90 28 00 00 44 00 00 00 00
81[32]: aa 03 29 20 09 ff 00 00 00 00 00 00 00 00 00 00 00 00 00 00 00 00 00 00 00 00 00 00 00 00 00 00
01[32]: ff 03 b4 2a 00 e0 01 fc bd 7e 4b 00 36 f1 2c 70 00 00 00 00 36 e7 3c 90 28 00 00 44 00 00 00 00
81[32]: aa 09 2a 00 04 2b 64 4a 04 3a 80 78 00 00 00 00 00 00 00 00 00 00 00 00 00 00 00 00 00 00 00 00
01[32]: ff 08 92 2b 03 51 01 00 00 00 19 00 36 f1 2c 70 00 00 00 00 36 e7 3c 90 28 00 00 44 00 00 00 00
01[32]: ff 08 92 2c 01 51 01 00 00 00 18 00 36 f1 2c 70 00 00 00 00 36 e7 3c 90 28 00 00 44 00 00 00 00
81[32]: aa 01 2b d6 00 00 00 00 00 00 00 00 00 00 00 00 00 00 00 00 00 00 00 00 00 00 00 00 00 00 00 00
81[32]: aa 01 2c d7 00 00 00 00 00 00 00 00 00 00 00 00 00 00 00 00 00 00 00 00 00 00 00 00 00 00 00 00
01[32]: ff 08 92 2d 02 24 02 ff 00 00 ed 00 36 f1 2c 70 00 00 00 00 36 e7 3c 90 28 00 00 44 00 00 00 00
81[32]: aa 01 2d d8 00 00 00 00 00 00 00 00 00 00 00 00 00 00 00 00 00 00 00 00 00 00 00 00 00 00 00 00
01[32]: ff 02 83 2e b2 24 02 ff 00 00 ed 00 36 f1 2c 70 00 00 00 00 36 e7 3c 90 28 00 00 44 00 00 00 00
81[32]: aa 09 2e 10 01 80 08 08 04 28 21 cf 00 00 00 00 00 00 00 00 00 00 00 00 00 00 00 00 00 00 00 00
01[32]: ff 08 92 2f 03 51 01 fc bd 7e 54 00 36 f1 2c 70 00 00 00 00 36 e7 3c 90 28 00 00 44 00 00 00 00
01[32]: ff 08 92 30 01 51 01 fc bd 7e 53 00 36 f1 2c 70 00 00 00 00 36 e7 3c 90 28 00 00 44 00 00 00 00
81[32]: aa 01 2f da 00 00 00 00 00 00 00 00 00 00 00 00 00 00 00 00 00 00 00 00 00 00 00 00 00 00 00 00
81[32]: aa 01 30 db 00 00 00 00 00 00 00 00 00 00 00 00 00 00 00 00 00 00 00 00 00 00 00 00 00 00 00 00
01[32]: ff 02 a1 31 d3 51 01 fc bd 7e 53 00 36 f1 2c 70 00 00 00 00 36 e7 3c 90 28 00 00 44 00 00 00 00
81[32]: aa 03 31 20 09 07 00 00 00 00 00 00 00 00 00 00 00 00 00 00 00 00 00 00 00 00 00 00 00 00 00 00
01[32]: ff 03 b4 32 00 e8 01 fc bd 7e 53 00 36 f1 2c 70 00 00 00 00 36 e7 3c 90 28 00 00 44 00 00 00 00
81[32]: aa 09 32 00 04 2b 64 4a 04 3a 80 80 00 00 00 00 00 00 00 00 00 00 00 00 00 00 00 00 00 00 00 00
01[32]: ff 08 92 33 02 24 02 ff 5a 00 4d 00 36 f1 2c 70 00 00 00 00 36 e7 3c 90 00 00 00 00 00 00 00 00
01[32]: ff 08 92 34 03 51 01 00 00 00 22 00 36 f1 2c 70 00 00 00 00 36 e7 3c 90 00 00 00 00 00 00 00 00
81[32]: aa 01 33 de 00 00 00 00 00 00 00 00 00 00 00 00 00 00 00 00 00 00 00 00 00 00 00 00 00 00 00 00
01[32]: ff 08 92 35 01 51 01 00 00 00 21 00 36 f1 2c 70 00 00 00 00 36 e7 3c 90 00 00 00 00 00 00 00 00
81[32]: aa 01 34 df 00 00 00 00 00 00 00 00 00 00 00 00 00 00 00 00 00 00 00 00 00 00 00 00 00 00 00 00
81[32]: aa 01 35 e0 00 00 00 00 00 00 00 00 00 00 00 00 00 00 00 00 00 00 00 00 00 00 00 00 00 00 00 00
01[32]: ff 02 83 36 ba 51 01 00 00 00 21 00 36 f1 2c 70 00 00 00 00 36 e7 3c 90 00 00 00 00 00 00 00 00
81[32]: aa 09 36 05 04 88 10 48 44 20 00 36 00 00 00 00 00 00 00 00 00 00 00 00 00 00 00 00 00 00 00 00
01[32]: ff 08 92 37 03 51 01 fc bd 7e 5c 00 36 f1 2c 70 00 00 00 00 36 e7 3c 90 00 00 00 00 00 00 00 00
01[32]: ff 08 92 38 01 51 01 fc bd 7e 5b 00 36 f1 2c 70 00 00 00 00 36 e7 3c 90 00 00 00 00 00 00 00 00
81[32]: aa 01 37 e2 00 00 00 00 00 00 00 00 00 00 00 00 00 00 00 00 00 00 00 00 00 00 00 00 00 00 00 00
81[32]: aa 01 38 e3 00 00 00 00 00 00 00 00 00 00 00 00 00 00 00 00 00 00 00 00 00 00 00 00 00 00 00 00
01[32]: ff 08 92 39 02 24 02 ff 00 00 f9 00 36 f1 2c 70 00 00 00 00 36 e7 3c 90 28 00 00 44 00 00 00 00
81[32]: aa 01 39 e4 00 00 00 00 00 00 00 00 00 00 00 00 00 00 00 00 00 00 00 00 00 00 00 00 00 00 00 00
01[32]: ff 02 a1 3a dc 24 02 ff 00 00 f9 00 36 f1 2c 70 00 00 00 00 36 e7 3c 90 28 00 00 44 00 00 00 00
81[32]: aa 03 3a 20 09 10 00 00 00 00 00 00 00 00 00 00 00 00 00 00 00 00 00 00 00 00 00 00 00 00 00 00
01[32]: ff 03 b4 3b 00 f1 02 ff 00 00 f9 00 36 f1 2c 70 00 00 00 00 36 e7 3c 90 28 00 00 44 00 00 00 00
81[32]: aa 09 3b 00 04 2b 64 4a 04 3a 80 89 00 00 00 00 00 00 00 00 00 00 00 00 00 00 00 00 00 00 00 00
01[32]: ff 08 92 3c 03 51 01 00 00 00 2a 00 36 f1 2c 70 00 00 00 00 36 e7 3c 90 28 00 00 44 00 00 00 00
01[32]: ff 08 92 3d 01 51 01 00 00 00 29 00 36 f1 2c 70 00 00 00 00 36 e7 3c 90 28 00 00 44 00 00 00 00
81[32]: aa 01 3c e7 00 00 00 00 00 00 00 00 00 00 00 00 00 00 00 00 00 00 00 00 00 00 00 00 00 00 00 00
81[32]: aa 01 3d e8 00 00 00 00 00 00 00 00 00 00 00 00 00 00 00 00 00 00 00 00 00 00 00 00 00 00 00 00
01[32]: ff 08 92 3e 03 51 01 fc bd 7e 63 00 36 f1 2c 70 00 00 00 00 36 e7 3c 90 28 00 00 44 00 00 00 00
01[32]: ff 08 92 3f 01 51 01 fc bd 7e 62 00 36 f1 2c 70 00 00 00 00 36 e7 3c 90 28 00 00 44 00 00 00 00
81[32]: aa 01 3e e9 00 00 00 00 00 00 00 00 00 00 00 00 00 00 00 00 00 00 00 00 00 00 00 00 00 00 00 00
81[32]: aa 01 3f ea 00 00 00 00 00 00 00 00 00 00 00 00 00 00 00 00 00 00 00 00 00 00 00 00 00 00 00 00
01[32]: ff 08 92 40 02 24 02 ff 5a 00 5a 00 36 f1 2c 70 00 00 00 00 36 e7 3c 90 28 00 00 44 00 00 00 00
81[32]: aa 01 40 eb 00 00 00 00 00 00 00 00 00 00 00 00 00 00 00 00 00 00 00 00 00 00 00 00 00 00 00 00
01[32]: ff 02 83 41 c5 24 02 ff 5a 00 5a 00 36 f1 2c 70 00 00 00 00 36 e7 3c 90 28 00 00 44 00 00 00 00
81[32]: aa 09 41 51 13 80 18 58 04 88 31 05 00 00 00 00 00 00 00 00 00 00 00 00 00 00 00 00 00 00 00 00
01[32]: ff 08 92 42 03 51 01 00 00 00 30 00 36 f1 2c 70 00 00 00 00 36 e7 3c 90 00 00 00 00 00 00 00 00
01[32]: ff 08 92 43 01 51 01 00 00 00 2f 00 36 f1 2c 70 00 00 00 00 36 e7 3c 90 00 00 00 00 00 00 00 00
81[32]: aa 01 42 ed 00 00 00 00 00 00 00 00 00 00 00 00 00 00 00 00 00 00 00 00 00 00 00 00 00 00 00 00
81[32]: aa 01 43 ee 00 00 00 00 00 00 00 00 00 00 00 00 00 00 00 00 00 00 00 00 00 00 00 00 00 00 00 00
01[32]: ff 02 a1 44 e6 51 01 00 00 00 2f 00 36 f1 2c 70 00 00 00 00 36 e7 3c 90 00 00 00 00 00 00 00 00
81[32]: aa 03 44 20 09 1a 00 00 00 00 00 00 00 00 00 00 00 00 00 00 00 00 00 00 00 00 00 00 00 00 00 00
01[32]: ff 03 b4 45 00 fb 01 00 00 00 2f 00 36 f1 2c 70 00 00 00 00 36 e7 3c 90 00 00 00 00 00 00 00 00
81[32]: aa 09 45 00 04 2b 64 4a 04 3a 80 93 00 00 00 00 00 00 00 00 00 00 00 00 00 00 00 00 00 00 00 00
01[32]: ff 08 92 46 02 24 02 ff 00 00 06 00 36 f1 2c 70 00 00 00 00 36 e7 3c 90 00 00 00 00 00 00 00 00
81[32]: aa 01 46 f1 00 00 00 00 00 00 00 00 00 00 00 00 00 00 00 00 00 00 00 00 00 00 00 00 00 00 00 00
01[32]: ff 08 92 47 03 51 01 fc bd 7e 6c 00 36 f1 2c 70 00 00 00 00 36 e7 3c 90 28 00 00 44 00 00 00 00
01[32]: ff 08 92 48 01 51 01 fc bd 7e 6b 00 36 f1 2c 70 00 00 00 00 36 e7 3c 90 28 00 00 44 00 00 00 00
81[32]: aa 01 47 f2 00 00 00 00 00 00 00 00 00 00 00 00 00 00 00 00 00 00 00 00 00 00 00 00 00 00 00 00
81[32]: aa 01 48 f3 00 00 00 00 00 00 00 00 00 00 00 00 00 00 00 00 00 00 00 00 00 00 00 00 00 00 00 00
01[32]: ff 02 83 49 cd 51 01 fc bd 7e 6b 00 36 f1 2c 70 00 00 00 00 36 e7 3c 90 28 00 00 44 00 00 00 00
81[32]: aa 09 49 10 12 11 88 c8 01 a8 01 29 00 00 00 00 00 00 00 00 00 00 00 00 00 00 00 00 00 00 00 00
01[32]: ff 08 92 4a 03 51 01 00 00 00 38 00 36 f1 2c 70 00 00 00 00 36 e7 3c 90 28 00 00 44 00 00 00 00
01[32]: ff 08 92 4b 01 51 01 00 00 00 37 00 36 f1 2c 70 00 00 00 00 36 e7 3c 90 28 00 00 44 00 00 00 00
81[32]: aa 01 4a f5 00 00 00 00 00 00 00 00 00 00 00 00 00 00 00 00 00 00 00 00 00 00 00 00 00 00 00 00
81[32]: aa 01 4b f6 00 00 00 00 00 00 00 00 00 00 00 00 00 00 00 00 00 00 00 00 00 00 00 00 00 00 00 00
01[32]: ff 08 92 4c 02 24 02 ff 5a 00 66 00 36 f1 2c 70 00 00 00 00 36 e7 3c 90 28 00 00 44 00 00 00 00
81[32]: aa 01 4c f7 00 00 00 00 00 00 00 00 00 00 00 00 00 00 00 00 00 00 00 00 00 00 00 00 00 00 00 00
01[32]: ff 02 a1 4d ef 24 02 ff 5a 00 66 00 36 f1 2c 70 00 00 00 00 36 e7 3c 90 28 00 00 44 00 00 00 00
81[32]: aa 03 4d 20 09 23 00 00 00 00 00 00 00 00 00 00 00 00 00 00 00 00 00 00 00 00 00 00 00 00 00 00
01[32]: ff 03 b4 4e 00 04 02 ff 5a 00 66 00 36 f1 2c 70 00 00 00 00 36 e7 3c 90 28 00 00 44 00 00 00 00
81[32]: aa 09 4e 00 04 2b 64 4a 04 3a 80 9c 00 00 00 00 00 00 00 00 00 00 00 00 00 00 00 00 00 00 00 00
01[32]: ff 08 92 4f 03 51 01 fc bd 7e 74 00 36 f1 2c 70 00 00 00 00 36 e7 3c 90 00 00 00 00 00 00 00 00
01[32]: ff 08 92 50 01 51 01 fc bd 7e 73 00 36 f1 2c 70 00 00 00 00 36 e7 3c 90 00 00 00 00 00 00 00 00
81[32]: aa 01 4f fa 00 00 00 00 00 00 00 00 00 00 00 00 00 00 00 00 00 00 00 00 00 00 00 00 00 00 00 00
81[32]: aa 01 50 fb 00 00 00 00 00 00 00 00 00 00 00 00 00 00 00 00 00 00 00 00 00 00 00 00 00 00 00 00
01[32]: ff 02 83 51 d5 51 01 fc bd 7e 73 00 36 f1 2c 70 00 00 00 00 36 e7 3c 90 00 00 00 00 00 00 00 00
81[32]: aa 09 51 11 00 98 94 48 41 82 40 8c 00 00 00 00 00 00 00 00 00 00 00 00 00 00 00 00 00 00 00 00
01[32]: ff 08 92 52 02 24 02 ff 00 00 12 00 36 f1 2c 70 00 00 00 00 36 e7 3c 90 28 00 00 44 00 00 00 00
81[32]: aa 01 52 fd 00 00 00 00 00 00 00 00 00 00 00 00 00 00 00 00 00 00 00 00 00 00 00 00 00 00 00 00
01[32]: ff 08 92 53 03 51 01 00 00 00 41 00 36 f1 2c 70 00 00 00 00 36 e7 3c 90 28 00 00 44 00 00 00 00
01[32]: ff 08 92 54 01 51 01 00 00 00 40 00 36 f1 2c 70 00 00 00 00 36 e7 3c 90 28 00 00 44 00 00 00 00
81[32]: aa 01 53 fe 00 00 00 00 00 00 00 00 00 00 00 00 00 00 00 00 00 00 00 00 00 00 00 00 00 00 00 00
81[32]: aa 01 54 ff 00 00 00 00 00 00 00 00 00 00 00 00 00 00 00 00 00 00 00 00 00 00 00 00 00 00 00 00
01[32]: ff 02 a1 55 f7 51 01 00 00 00 40 00 36 f1 2c 70 00 00 00 00 36 e7 3c 90 28 00 00 44 00 00 00 00
81[32]: aa 03 55 20 09 2b 00 00 00 00 00 00 00 00 00 00 00 00 00 00 00 00 00 00 00 00 00 00 00 00 00 00
01[32]: ff 03 b4 56 00 0c 01 00 00 00 40 00 36 f1 2c 70 00 00 00 00 36 e7 3c 90 28 00 00 44 00 00 00 00
81[32]: aa 09 56 00 04 2b 64 4a 04 3a 80 a4 00 00 00 00 00 00 00 00 00 00 00 00 00 00 00 00 00 00 00 00
01[32]: ff 08 92 57 03 51 01 fc bd 7e 7c 00 36 f1 2c 70 00 00 00 00 36 e7 3c 90 28 00 00 44 00 00 00 00
01[32]: ff 08 92 58 01 51 01 fc bd 7e 7b 00 36 f1 2c 70 00 00 00 00 36 e7 3c 90 28 00 00 44 00 00 00 00
81[32]: aa 01 57 02 00 00 00 00 00 00 00 00 00 00 00 00 00 00 00 00 00 00 00 00 00 00 00 00 00 00 00 00
81[32]: aa 01 58 03 00 00 00 00 00 00 00 00 00 00 00 00 00 00 00 00 00 00 00 00 00 00 00 00 00 00 00 00
01[32]: ff 08 92 59 02 24 02 ff 5a 00 73 00 36 f1 2c 70 00 00 00 00 36 e7 3c 90 28 00 00 44 00 00 00 00
81[32]: aa 01 59 04 00 00 00 00 00 00 00 00 00 00 00 00 00 00 00 00 00 00 00 00 00 00 00 00 00 00 00 00
01[32]: ff 02 83 5a de 24 02 ff 5a 00 73 00 36 f1 2c 70 00 00 00 00 36 e7 3c 90 28 00 00 44 00 00 00 00
81[32]: aa 09 5a 05 10 00 94 80 55 8a 71 86 00 00 00 00 00 00 00 00 00 00 00 00 00 00 00 00 00 00 00 00
01[32]: ff 08 92 5b 03 51 01 00 00 00 49 00 36 f1 2c 70 00 00 00 00 36 e7 3c 90 00 00 00 00 00 00 00 00
01[32]: ff 08 92 5c 01 51 01 00 00 00 48 00 36 f1 2c 70 00 00 00 00 36 e7 3c 90 00 00 00 00 00 00 00 00
81[32]: aa 01 5b 06 00 00 00 00 00 00 00 00 00 00 00 00 00 00 00 00 00 00 00 00 00 00 00 00 00 00 00 00
81[32]: aa 01 5c 07 00 00 00 00 00 00 00 00 00 00 00 00 00 00 00 00 00 00 00 00 00 00 00 00 00 00 00 00
01[32]: ff 08 92 5d 02 24 02 ff 00 00 1d 00 36 f1 2c 70 00 00 00 00 36 e7 3c 90 00 00 00 00 00 00 00 00
81[32]: aa 01 5d 08 00 00 00 00 00 00 00 00 00 00 00 00 00 00 00 00 00 00 00 00 00 00 00 00 00 00 00 00
01[32]: ff 08 92 5e 03 51 01 fc bd 7e 83 00 36 f1 2c 70 00 00 00 00 36 e7 3c 90 00 00 00 00 00 00 00 00
01[32]: ff 08 92 5f 01 51 01 fc bd 7e 82 00 36 f1 2c 70 00 00 00 00 36 e7 3c 90 00 00 00 00 00 00 00 00
81[32]: aa 01 5e 09 00 00 00 00 00 00 00 00 00 00 00 00 00 00 00 00 00 00 00 00 00 00 00 00 00 00 00 00
81[32]: aa 01 5f 0a 00 00 00 00 00 00 00 00 00 00 00 00 00 00 00 00 00 00 00 00 00 00 00 00 00 00 00 00
01[32]: ff 02 a1 60 02 51 01 fc bd 7e 82 00 36 f1 2c 70 00 00 00 00 36 e7 3c 90 00 00 00 00 00 00 00 00
81[32]: aa 03 60 20 09 36 00 00 00 00 00 00 00 00 00 00 00 00 00 00 00 00 00 00 00 00 00 00 00 00 00 00
01[32]: ff 03 b4 61 00 17 01 fc bd 7e 82 00 36 f1 2c 70 00 00 00 00 36 e7 3c 90 00 00 00 00 00 00 00 00
81[32]: aa 09 61 00 04 2b 64 4a 04 3a 80 af 00 00 00 00 00 00 00 00 00 00 00 00 00 00 00 00 00 00 00 00
01[32]: ff 08 92 62 03 51 01 00 00 00 50 00 36 f1 2c 70 00 00 00 00 36 e7 3c 90 28 00 00 44 00 00 00 00
01[32]: ff 08 92 63 01 51 01 00 00 00 4f 00 36 f1 2c 70 00 00 00 00 36 e7 3c 90 28 00 00 44 00 00 00 00
81[32]: aa 01 62 0d 00 00 00 00 00 00 00 00 00 00 00 00 00 00 00 00 00 00 00 00 00 00 00 00 00 00 00 00
81[32]: aa 01 63 0e 00 00 00 00 00 00 00 00 00 00 00 00 00 00 00 00 00 00 00 00 00 00 00 00 00 00 00 00
01[32]: ff 02 83 64 e8 51 01 00 00 00 4f 00 36 f1 2c 70 00 00 00 00 36 e7 3c 90 28 00 00 44 00 00 00 00
81[32]: aa 09 64 11 14 80 00 48 11 80 60 f5 00 00 00 00 00 00 00 00 00 00 00 00 00 00 00 00 00 00 00 00
01[32]: ff 08 92 65 02 24 02 ff 5a 00 7f 00 36 f1 2c 70 00 00 00 00 36 e7 3c 90 28 00 00 44 00 00 00 00
81[32]: aa 01 65 10 00 00 00 00 00 00 00 00 00 00 00 00 00 00 00 00 00 00 00 00 00 00 00 00 00 00 00 00
01[32]: ff 08 92 66 03 51 01 fc bd 7e 8b 00 36 f1 2c 70 00 00 00 00 36 e7 3c 90 28 00 00 44 00 00 00 00
01[32]: ff 08 92 67 01 51 01 fc bd 7e 8a 00 36 f1 2c 70 00 00 00 00 36 e7 3c 90 28 00 00 44 00 00 00 00
81[32]: aa 01 66 11 00 00 00 00 00 00 00 00 00 00 00 00 00 00 00 00 00 00 00 00 00 00 00 00 00 00 00 00
81[32]: aa 01 67 12 00 00 00 00 00 00 00 00 00 00 00 00 00 00 00 00 00 00 00 00 00 00 00 00 00 00 00 00
01[32]: ff 02 a1 68 0a 51 01 fc bd 7e 8a 00 36 f1 2c 70 00 00 00 00 36 e7 3c 90 28 00 00 44 00 00 00 00
81[32]: aa 03 68 20 09 3e 00 00 00 00 00 00 00 00 00 00 00 00 00 00 00 00 00 00 00 00 00 00 00 00 00 00
01[32]: ff 03 b4 69 00 1f 01 fc bd 7e 8a 00 36 f1 2c 70 00 00 00 00 36 e7 3c 90 28 00 00 44 00 00 00 00
81[32]: aa 09 69 00 04 2b 64 4a 04 3a 80 b7 00 00 00 00 00 00 00 00 00 00 00 00 00 00 00 00 00 00 00 00
01[32]: ff 08 92 6a 02 24 02 ff 00 00 2a 00 36 f1 2c 70 00 00 00 00 36 e7 3c 90 28 00 00 44 00 00 00 00
81[32]: aa 01 6a 15 00 00 00 00 00 00 00 00 00 00 00 00 00 00 00 00 00 00 00 00 00 00 00 00 00 00 00 00
01[32]: ff 08 92 6b 03 51 01 00 00 00 59 00 36 f1 2c 70 00 00 00 00 36 e7 3c 90 00 00 00 00 00 00 00 00
01[32]: ff 08 92 6c 01 51 01 00 00 00 58 00 36 f1 2c 70 00 00 00 00 36 e7 3c 90 00 00 00 00 00 00 00 00
81[32]: aa 01 6b 16 00 00 00 00 00 00 00 00 00 00 00 00 00 00 00 00 00 00 00 00 00 00 00 00 00 00 00 00
81[32]: aa 01 6c 17 00 00 00 00 00 00 00 00 00 00 00 00 00 00 00 00 00 00 00 00 00 00 00 00 00 00 00 00
01[32]: ff 02 83 6d f1 51 01 00 00 00 58 00 36 f1 2c 70 00 00 00 00 36 e7 3c 90 00 00 00 00 00 00 00 00
81[32]: aa 09 6d 00 16 88 08 90 51 20 50 17 00 00 00 00 00 00 00 00 00 00 00 00 00 00 00 00 00 00 00 00
01[32]: ff 08 92 6e 03 51 01 fc bd 7e 93 00 36 f1 2c 70 00 00 00 00 36 e7 3c 90 28 00 00 44 00 00 00 00
01[32]: ff 08 92 6f 01 51 01 fc bd 7e 92 00 36 f1 2c 70 00 00 00 00 36 e7 3c 90 28 00 00 44 00 00 00 00
81[32]: aa 01 6e 19 00 00 00 00 00 00 00 00 00 00 00 00 00 00 00 00 00 00 00 00 00 00 00 00 00 00 00 00
81[32]: aa 01 6f 1a 00 00 00 00 00 00 00 00 00 00 00 00 00 00 00 00 00 00 00 00 00 00 00 00 00 00 00 00
01[32]: ff 08 92 70 02 24 02 ff 5a 00 8a 00 36 f1 2c 70 00 00 00 00 36 e7 3c 90 28 00 00 44 00 00 00 00
81[32]: aa 01 70 1b 00 00 00 00 00 00 00 00 00 00 00 00 00 00 00 00 00 00 00 00 00 00 00 00 00 00 00 00
01[32]: ff 02 a1 71 13 24 02 ff 5a 00 8a 00 36 f1 2c 70 00 00 00 00 36 e7 3c 90 28 00 00 44 00 00 00 00
81[32]: aa 03 71 20 09 47 00 00 00 00 00 00 00 00 00 00 00 00 00 00 00 00 00 00 00 00 00 00 00 00 00 00
01[32]: ff 03 b4 72 00 28 02 ff 5a 00 8a 00 36 f1 2c 70 00 00 00 00 36 e7 3c 90 28 00 00 44 00 00 00 00
81[32]: aa 09 72 00 04 2b 64 4a 04 3a 80 c0 00 00 00 00 00 00 00 00 00 00 00 00 00 00 00 00 00 00 00 00
01[32]: ff 08 92 73 03 51 01 00 00 00 61 00 36 f1 2c 70 00 00 00 00 36 e7 3c 90 28 00 00 44 00 00 00 00
01[32]: ff 08 92 74 01 51 01 00 00 00 60 00 36 f1 2c 70 00 00 00 00 36 e7 3c 90 28 00 00 44 00 00 00 00
81[32]: aa 01 73 1e 00 00 00 00 00 00 00 00 00 00 00 00 00 00 00 00 00 00 00 00 00 00 00 00 00 00 00 00
81[32]: aa 01 74 1f 00 00 00 00 00 00 00 00 00 00 00 00 00 00 00 00 00 00 00 00 00 00 00 00 00 00 00 00
01[32]: ff 02 83 75 f9 51 01 00 00 00 60 00 36 f1 2c 70 00 00 00 00 36 e7 3c 90 28 00 00 44 00 00 00 00
81[32]: aa 09 75 15 10 81 84 58 00 22 31 fd 00 00 00 00 00 00 00 00 00 00 00 00 00 00 00 00 00 00 00 00
01[32]: ff 08 92 76 02 24 02 ff 00 00 36 00 36 f1 2c 70 00 00 00 00 36 e7 3c 90 28 00 00 44 00 00 00 00
81[32]: aa 01 76 21 00 00 00 00 00 00 00 00 00 00 00 00 00 00 00 00 00 00 00 00 00 00 00 00 00 00 00 00
01[32]: ff 08 92 77 03 51 01 fc bd 7e 9c 00 36 f1 2c 70 00 00 00 00 36 e7 3c 90 28 00 00 44 00 00 00 00
01[32]: ff 08 92 78 01 51 01 fc bd 7e 9b 00 36 f1 2c 70 00 00 00 00 36 e7 3c 90 28 00 00 44 00 00 00 00
81[32]: aa 01 77 22 00 00 00 00 00 00 00 00 00 00 00 00 00 00 00 00 00 00 00 00 00 00 00 00 00 00 00 00
81[32]: aa 01 78 23 00 00 00 00 00 00 00 00 00 00 00 00 00 00 00 00 00 00 00 00 00 00 00 00 00 00 00 00
01[32]: ff 02 a1 79 1b 51 01 fc bd 7e 9b 00 36 f1 2c 70 00 00 00 00 36 e7 3c 90 28 00 00 44 00 00 00 00
81[32]: aa 03 79 20 09 4f 00 00 00 00 00 00 00 00 00 00 00 00 00 00 00 00 00 00 00 00 00 00 00 00 00 00
01[32]: ff 03 b4 7a 00 30 01 fc bd 7e 9b 00 36 f1 2c 70 00 00 00 00 36 e7 3c 90 28 00 00 44 00 00 00 00
81[32]: aa 09 7a 00 04 2b 64 4a 04 3a 80 c8 00 00 00 00 00 00 00 00 00 00 00 00 00 00 00 00 00 00 00 00
01[32]: ff 08 92 7b 03 51 01 00 00 00 69 00 36 f1 2c 70 00 00 00 00 36 e7 3c 90 00 00 00 00 00 00 00 00
01[32]: ff 08 92 7c 01 51 01 00 00 00 68 00 36 f1 2c 70 00 00 00 00 36 e7 3c 90 00 00 00 00 00 00 00 00
81[32]: aa 01 7b 26 00 00 00 00 00 00 00 00 00 00 00 00 00 00 00 00 00 00 00 00 00 00 00 00 00 00 00 00
81[32]: aa 01 7c 27 00 00 00 00 00 00 00 00 00 00 00 00 00 00 00 00 00 00 00 00 00 00 00 00 00 00 00 00
01[32]: ff 08 92 7d 02 24 02 ff 5a 00 97 00 36 f1 2c 70 00 00 00 00 36 e7 3c 90 28 00 00 44 00 00 00 00
81[32]: aa 01 7d 28 00 00 00 00 00 00 00 00 00 00 00 00 00 00 00 00 00 00 00 00 00 00 00 00 00 00 00 00
01[32]: ff 02 83 7e 02 24 02 ff 5a 00 97 00 36 f1 2c 70 00 00 00 00 36 e7 3c 90 28 00 00 44 00 00 00 00
81[32]: aa 09 7e 55 17 10 80 98 44 20 50 79 00 00 00 00 00 00 00 00 00 00 00 00 00 00 00 00 00 00 00 00
01[32]: ff 08 92 7f 03 51 01 fc bd 7e a4 00 36 f1 2c 70 00 00 00 00 36 e7 3c 90 00 00 00 00 00 00 00 00
01[32]: ff 08 92 80 01 51 01 fc bd 7e a3 00 36 f1 2c 70 00 00 00 00 36 e7 3c 90 00 00 00 00 00 00 00 00
81[32]: aa 01 7f 2a 00 00 00 00 00 00 00 00 00 00 00 00 00 00 00 00 00 00 00 00 00 00 00 00 00 00 00 00
81[32]: aa 01 80 2b 00 00 00 00 00 00 00 00 00 00 00 00 00 00 00 00 00 00 00 00 00 00 00 00 00 00 00 00
01[32]: ff 08 92 81 03 51 01 00 00 00 6f 00 36 f1 2c 70 00 00 00 00 36 e7 3c 90 00 00 00 00 00 00 00 00
01[32]: ff 08 92 82 01 51 01 00 00 00 6e 00 36 f1 2c 70 00 00 00 00 36 e7 3c 90 00 00 00 00 00 00 00 00
81[32]: aa 01 81 2c 00 00 00 00 00 00 00 00 00 00 00 00 00 00 00 00 00 00 00 00 00 00 00 00 00 00 00 00
81[32]: aa 01 82 2d 00 00 00 00 00 00 00 00 00 00 00 00 00 00 00 00 00 00 00 00 00 00 00 00 00 00 00 00
01[32]: ff 08 92 83 02 24 02 ff 00 00 43 00 36 f1 2c 70 00 00 00 00 36 e7 3c 90 28 00 00 44 00 00 00 00
81[32]: aa 01 83 2e 00 00 00 00 00 00 00 00 00 00 00 00 00 00 00 00 00 00 00 00 00 00 00 00 00 00 00 00
01[32]: ff 02 a1 84 26 24 02 ff 00 00 43 00 36 f1 2c 70 00 00 00 00 36 e7 3c 90 28 00 00 44 00 00 00 00
81[32]: aa 03 84 20 09 5a 00 00 00 00 00 00 00 00 00 00 00 00 00 00 00 00 00 00 00 00 00 00 00 00 00 00
01[32]: ff 03 b4 85 00 3b 02 ff 00 00 43 00 36 f1 2c 70 00 00 00 00 36 e7 3c 90 28 00 00 44 00 00 00 00
81[32]: aa 09 85 00 04 2b 64 4a 04 3a 80 d3 00 00 00 00 00 00 00 00 00 00 00 00 00 00 00 00 00 00 00 00
01[32]: ff 08 92 86 03 51 01 fc bd 7e ab 00 36 f1 2c 70 00 00 00 00 36 e7 3c 90 28 00 00 44 00 00 00 00
01[32]: ff 08 92 87 01 51 01 fc bd 7e aa 00 36 f1 2c 70 00 00 00 00 36 e7 3c 90 28 00 00 44 00 00 00 00
81[32]: aa 01 86 31 00 00 00 00 00 00 00 00 00 00 00 00 00 00 00 00 00 00 00 00 00 00 00 00 00 00 00 00
81[32]: aa 01 87 32 00 00 00 00 00 00 00 00 00 00 00 00 00 00 00 00 00 00 00 00 00 00 00 00 00 00 00 00
01[32]: ff 02 83 88 0c 51 01 fc bd 7e aa 00 36 f1 2c 70 00 00 00 00 36 e7 3c 90 28 00 00 44 00 00 00 00
81[32]: aa 09 88 05 02 18 84 98 00 a2 50 68 00 00 00 00 00 00 00 00 00 00 00 00 00 00 00 00 00 00 00 00
01[32]: ff 08 92 89 02 24 02 ff 5a 00 a3 00 36 f1 2c 70 00 00 00 00 36 e7 3c 90 28 00 00 44 00 00 00 00
81[32]: aa 01 89 34 00 00 00 00 00 00 00 00 00 00 00 00 00 00 00 00 00 00 00 00 00 00 00 00 00 00 00 00
01[32]: ff 08 92 8a 03 51 01 00 00 00 78 00 36 f1 2c 70 00 00 00 00 36 e7 3c 90 28 00 00 44 00 00 00 00
01[32]: ff 08 92 8b 01 51 01 00 00 00 77 00 36 f1 2c 70 00 00 00 00 36 e7 3c 90 28 00 00 44 00 00 00 00
81[32]: aa 01 8a 35 00 00 00 00 00 00 00 00 00 00 00 00 00 00 00 00 00 00 00 00 00 00 00 00 00 00 00 00
81[32]: aa 01 8b 36 00 00 00 00 00 00 00 00 00 00 00 00 00 00 00 00 00 00 00 00 00 00 00 00 00 00 00 00
01[32]: ff 02 a1 8c 2e 51 01 00 00 00 77 00 36 f1 2c 70 00 00 00 00 36 e7 3c 90 28 00 00 44 00 00 00 00
81[32]: aa 03 8c 20 09 62 00 00 00 00 00 00 00 00 00 00 00 00 00 00 00 00 00 00 00 00 00 00 00 00 00 00
01[32]: ff 03 b4 8d 00 43 01 00 00 00 77 00 36 f1 2c 70 00 00 00 00 36 e7 3c 90 28 00 00 44 00 00 00 00
81[32]: aa 09 8d 00 04 2b 64 4a 04 3a 80 db 00 00 00 00 00 00 00 00 00 00 00 00 00 00 00 00 00 00 00 00
