SIGRTMIN: 34
CP: Vector Plugins
CP: Pointer PacketFilter_StreamLog::file
CP: String DeviceProxy = DeviceProxy_LibUSB
CP: String HostProxy = HostProxy_GadgetFS
Loading plugins from /usr/local/lib/USBProxy/
vendorId=ffffffff
productId=ffffffff
cleaning up /tmp
removing 1
Made directory /tmp/gadget-yGZmCf for gadget
Printing Config data
	Strings: 2
		DeviceProxy: DeviceProxy_LibUSB
		HostProxy: HostProxy_GadgetFS
	Vectors: 1
		Plugins:
			PacketFilter_StreamLog
Pointer: 1
		PacketFilter_StreamLog::file: 0xb6e1c540
Made directory /tmp/mqueue-otsrkk for mqueue
cleaning up /tmp/mqueue-otsrkk
removing 4
searching in [/tmp/gadget-yGZmCf]
Starting setup writer thread (2171) for EP00.
Starting setup reader thread (2170) for EP00.
[00 09 01 00 00 00 00 00]
Opened EP81
Opened EP01
Starting writer thread (2176) for EP01.
Starting reader thread (2175) for EP01.
[01 0b 00 00 00 00 00 00]
Starting writer thread (2174) for EP81.
Starting reader thread (2173) for EP81.
01[32]: ff 11 80 00 28 63 29 20 44 69 73 6e 65 79 20 32 30 31 33 b6 30 79 a8 60 30 6a 43 c0 30 5c 90 a0
81[32]: aa 15 00 00 0f 01 00 03 02 09 09 43 24 49 26 33 31 4b 42 48 fe 48 5d 98 00 00 00 00 00 00 00 00
01[32]: ff 03 b5 01 ff b7 29 20 44 69 73 6e 65 79 20 32 30 31 33 b6 30 79 a8 60 30 6a 43 c0 30 5c 90 a0
81[32]: aa 01 01 ac 00 00 00 00 00 00 00 00 00 00 00 00 00 00 00 00 00 00 00 00 00 00 00 00 00 00 00 00
01[32]: ff 08 92 02 02 51 01 fc bd 7e 26 00 02 2a 32 80 00 00 00 00 36 e7 3c 90 24 00 00 44 00 00 00 00
01[32]: ff 08 92 03 01 51 01 fc bd 7e 26 00 02 2a 32 80 00 00 00 00 36 e7 3c 90 24 00 00 44 00 00 00 00
81[32]: aa 01 02 ad 00 00 00 00 00 00 00 00 00 00 00 00 00 00 00 00 00 00 00 00 00 00 00 00 00 00 00 00
81[32]: aa 01 03 ae 00 00 00 00 00 00 00 00 00 00 00 00 00 00 00 00 00 00 00 00 00 00 00 00 00 00 00 00
01[32]: ff 03 b5 04 01 bc 01 fc bd 7e 26 00 02 2a 32 80 00 00 00 00 36 e7 3c 90 24 00 00 44 00 00 00 00
81[32]: aa 01 04 af 00 00 00 00 00 00 00 00 00 00 00 00 00 00 00 00 00 00 00 00 00 00 00 00 00 00 00 00
01[32]: ff 0a 81 05 bd 09 72 ff 80 63 94 ee 2b 2a 32 80 00 00 00 00 36 e7 3c 90 24 00 00 44 00 00 00 00
01[32]: ff 02 83 06 8a 09 72 ff 80 63 94 ee 2b 2a 32 80 00 00 00 00 36 e7 3c 90 24 00 00 44 00 00 00 00
81[32]: aa 01 05 b0 00 00 00 00 00 00 00 00 00 00 00 00 00 00 00 00 00 00 00 00 00 00 00 00 00 00 00 00
01[32]: ff 02 a1 07 a9 09 72 ff 80 63 94 ee 2b 2a 32 80 00 00 00 00 36 e7 3c 90 24 00 00 44 00 00 00 00
81[32]: aa 09 06 00 14 91 08 10 05 22 11 ae 00 00 00 00 00 00 00 00 00 00 00 00 00 00 00 00 00 00 00 00
81[32]: aa 01 07 b2 00 00 00 00 00 00 00 00 00 00 00 00 00 00 00 00 00 00 00 00 00 00 00 00 00 00 00 00
01[32]: ff 06 90 08 03 00 00 00 a0 00 00 00 02 2a 32 80 00 00 00 00 36 e7 3c 90 24 00 00 44 00 00 00 00
81[32]: aa 01 08 b3 00 00 00 00 00 00 00 00 00 00 00 00 00 00 00 00 00 00 00 00 00 00 00 00 00 00 00 00
01[32]: ff 08 92 09 02 51 01 fc bd 7e 2d 00 02 2a 32 80 00 00 00 00 36 e7 3c 90 00 00 00 00 00 00 00 00
01[32]: ff 08 92 0a 01 51 01 fc bd 7e 2d 00 02 2a 32 80 00 00 00 00 36 e7 3c 90 00 00 00 00 00 00 00 00
81[32]: aa 01 09 b4 00 00 00 00 00 00 00 00 00 00 00 00 00 00 00 00 00 00 00 00 00 00 00 00 00 00 00 00
81[32]: aa 01 0a b5 00 00 00 00 00 00 00 00 00 00 00 00 00 00 00 00 00 00 00 00 00 00 00 00 00 00 00 00
01[32]: ff 08 92 0b 02 51 01 00 00 00 f8 00 02 2a 32 80 00 00 00 00 36 e7 3c 90 24 00 00 44 00 00 00 00
01[32]: ff 08 92 0c 01 51 01 00 00 00 f8 00 02 2a 32 80 00 00 00 00 36 e7 3c 90 24 00 00 44 00 00 00 00
81[32]: aa 01 0b b6 00 00 00 00 00 00 00 00 00 00 00 00 00 00 00 00 00 00 00 00 00 00 00 00 00 00 00 00
81[32]: aa 01 0c b7 00 00 00 00 00 00 00 00 00 00 00 00 00 00 00 00 00 00 00 00 00 00 00 00 00 00 00 00
01[32]: ff 08 92 0d 02 51 01 fc bd 7e 31 00 02 2a 32 80 00 00 00 00 36 e7 3c 90 24 00 00 44 00 00 00 00
01[32]: ff 08 92 0e 01 51 01 fc bd 7e 31 00 02 2a 32 80 00 00 00 00 36 e7 3c 90 24 00 00 44 00 00 00 00
81[32]: aa 01 0d b8 00 00 00 00 00 00 00 00 00 00 00 00 00 00 00 00 00 00 00 00 00 00 00 00 00 00 00 00
81[32]: aa 01 0e b9 00 00 00 00 00 00 00 00 00 00 00 00 00 00 00 00 00 00 00 00 00 00 00 00 00 00 00 00
01[32]: ff 02 83 0f 93 51 01 fc bd 7e 31 00 02 2a 32 80 00 00 00 00 36 e7 3c 90 24 00 00 44 00 00 00 00
81[32]: aa 09 0f 41 00 80 10 98 05 88 20 d8 00 00 00 00 00 00 00 00 00 00 00 00 00 00 00 00 00 00 00 00
01[32]: ff 02 a1 10 b2 51 01 fc bd 7e 31 00 02 2a 32 80 00 00 00 00 36 e7 3c 90 24 00 00 44 00 00 00 00
81[32]: aa 01 10 bb 00 00 00 00 00 00 00 00 00 00 00 00 00 00 00 00 00 00 00 00 00 00 00 00 00 00 00 00
01[32]: ff 08 92 11 02 51 01 00 00 00 fe 00 02 2a 32 80 00 00 00 00 36 e7 3c 90 24 00 00 44 00 00 00 00
01[32]: ff 08 92 12 01 51 01 00 00 00 fe 00 02 2a 32 80 00 00 00 00 36 e7 3c 90 24 00 00 44 00 00 00 00
81[32]: aa 01 11 bc 00 00 00 00 00 00 00 00 00 00 00 00 00 00 00 00 00 00 00 00 00 00 00 00 00 00 00 00
81[32]: aa 01 12 bd 00 00 00 00 00 00 00 00 00 00 00 00 00 00 00 00 00 00 00 00 00 00 00 00 00 00 00 00
01[32]: ff 08 92 13 02 51 01 fc bd 7e 37 00 02 2a 32 80 00 00 00 00 36 e7 3c 90 24 00 00 44 00 00 00 00
01[32]: ff 08 92 14 01 51 01 fc bd 7e 37 00 02 2a 32 80 00 00 00 00 36 e7 3c 90 24 00 00 44 00 00 00 00
81[32]: aa 01 13 be 00 00 00 00 00 00 00 00 00 00 00 00 00 00 00 00 00 00 00 00 00 00 00 00 00 00 00 00
81[32]: aa 01 14 bf 00 00 00 00 00 00 00 00 00 00 00 00 00 00 00 00 00 00 00 00 00 00 00 00 00 00 00 00
01[32]: ff 02 83 15 99 51 01 fc bd 7e 37 00 02 2a 32 80 00 00 00 00 36 e7 3c 90 24 00 00 44 00 00 00 00
81[32]: aa 09 15 50 06 19 88 00 55 08 10 2c 00 00 00 00 00 00 00 00 00 00 00 00 00 00 00 00 00 00 00 00
01[32]: ff 02 a1 16 b8 51 01 fc bd 7e 37 00 02 2a 32 80 00 00 00 00 36 e7 3c 90 24 00 00 44 00 00 00 00
81[32]: aa 01 16 c1 00 00 00 00 00 00 00 00 00 00 00 00 00 00 00 00 00 00 00 00 00 00 00 00 00 00 00 00
01[32]: ff 08 92 17 02 51 01 00 00 00 04 00 02 2a 32 80 00 00 00 00 36 e7 3c 90 00 00 00 00 00 00 00 00
01[32]: ff 08 92 18 01 51 01 00 00 00 04 00 02 2a 32 80 00 00 00 00 36 e7 3c 90 00 00 00 00 00 00 00 00
81[32]: aa 01 17 c2 00 00 00 00 00 00 00 00 00 00 00 00 00 00 00 00 00 00 00 00 00 00 00 00 00 00 00 00
81[32]: aa 01 18 c3 00 00 00 00 00 00 00 00 00 00 00 00 00 00 00 00 00 00 00 00 00 00 00 00 00 00 00 00
01[32]: ff 08 92 19 02 51 01 fc bd 7e 3d 00 02 2a 32 80 00 00 00 00 36 e7 3c 90 00 00 00 00 00 00 00 00
01[32]: ff 08 92 1a 01 51 01 fc bd 7e 3d 00 02 2a 32 80 00 00 00 00 36 e7 3c 90 00 00 00 00 00 00 00 00
81[32]: aa 01 19 c4 00 00 00 00 00 00 00 00 00 00 00 00 00 00 00 00 00 00 00 00 00 00 00 00 00 00 00 00
81[32]: aa 01 1a c5 00 00 00 00 00 00 00 00 00 00 00 00 00 00 00 00 00 00 00 00 00 00 00 00 00 00 00 00
01[32]: ff 02 83 1b 9f 51 01 fc bd 7e 3d 00 02 2a 32 80 00 00 00 00 36 e7 3c 90 00 00 00 00 00 00 00 00
81[32]: aa 09 1b 55 06 91 0c 10 14 8a 31 a5 00 00 00 00 00 00 00 00 00 00 00 00 00 00 00 00 00 00 00 00
01[32]: ff 02 a1 1c be 51 01 fc bd 7e 3d 00 02 2a 32 80 00 00 00 00 36 e7 3c 90 00 00 00 00 00 00 00 00
81[32]: aa 01 1c c7 00 00 00 00 00 00 00 00 00 00 00 00 00 00 00 00 00 00 00 00 00 00 00 00 00 00 00 00
01[32]: ff 08 92 1d 02 51 01 00 00 00 0a 00 02 2a 32 80 00 00 00 00 36 e7 3c 90 24 00 00 44 00 00 00 00
01[32]: ff 08 92 1e 01 51 01 00 00 00 0a 00 02 2a 32 80 00 00 00 00 36 e7 3c 90 24 00 00 44 00 00 00 00
81[32]: aa 01 1d c8 00 00 00 00 00 00 00 00 00 00 00 00 00 00 00 00 00 00 00 00 00 00 00 00 00 00 00 00
81[32]: aa 01 1e c9 00 00 00 00 00 00 00 00 00 00 00 00 00 00 00 00 00 00 00 00 00 00 00 00 00 00 00 00
01[32]: ff 08 92 1f 02 51 01 fc bd 7e 43 00 02 2a 32 80 00 00 00 00 36 e7 3c 90 24 00 00 44 00 00 00 00
01[32]: ff 08 92 20 01 51 01 fc bd 7e 43 00 02 2a 32 80 00 00 00 00 36 e7 3c 90 24 00 00 44 00 00 00 00
81[32]: aa 01 1f ca 00 00 00 00 00 00 00 00 00 00 00 00 00 00 00 00 00 00 00 00 00 00 00 00 00 00 00 00
81[32]: aa 01 20 cb 00 00 00 00 00 00 00 00 00 00 00 00 00 00 00 00 00 00 00 00 00 00 00 00 00 00 00 00
01[32]: ff 02 83 21 a5 51 01 fc bd 7e 43 00 02 2a 32 80 00 00 00 00 36 e7 3c 90 24 00 00 44 00 00 00 00
01[32]: ff 08 92 22 02 51 01 00 00 00 0f 00 02 2a 32 80 00 00 00 00 36 e7 3c 90 24 00 00 44 00 00 00 00
81[32]: aa 09 21 54 15 88 00 c8 01 a2 00 30 00 00 00 00 00 00 00 00 00 00 00 00 00 00 00 00 00 00 00 00
01[32]: ff 08 92 23 01 51 01 00 00 00 0f 00 02 2a 32 80 00 00 00 00 36 e7 3c 90 24 00 00 44 00 00 00 00
81[32]: aa 01 22 cd 00 00 00 00 00 00 00 00 00 00 00 00 00 00 00 00 00 00 00 00 00 00 00 00 00 00 00 00
81[32]: aa 01 23 ce 00 00 00 00 00 00 00 00 00 00 00 00 00 00 00 00 00 00 00 00 00 00 00 00 00 00 00 00
01[32]: ff 02 a1 24 c6 51 01 00 00 00 0f 00 02 2a 32 80 00 00 00 00 36 e7 3c 90 24 00 00 44 00 00 00 00
81[32]: aa 01 24 cf 00 00 00 00 00 00 00 00 00 00 00 00 00 00 00 00 00 00 00 00 00 00 00 00 00 00 00 00
01[32]: ff 08 92 25 02 51 01 fc bd 7e 49 00 02 2a 32 80 00 00 00 00 36 e7 3c 90 24 00 00 44 00 00 00 00
01[32]: ff 08 92 26 01 51 01 fc bd 7e 49 00 02 2a 32 80 00 00 00 00 36 e7 3c 90 24 00 00 44 00 00 00 00
81[32]: aa 01 25 d0 00 00 00 00 00 00 00 00 00 00 00 00 00 00 00 00 00 00 00 00 00 00 00 00 00 00 00 00
81[32]: aa 01 26 d1 00 00 00 00 00 00 00 00 00 00 00 00 00 00 00 00 00 00 00 00 00 00 00 00 00 00 00 00
01[32]: ff 08 92 27 02 51 01 00 00 00 14 00 02 2a 32 80 00 00 00 00 36 e7 3c 90 00 00 00 00 00 00 00 00
01[32]: ff 08 92 28 01 51 01 00 00 00 14 00 02 2a 32 80 00 00 00 00 36 e7 3c 90 00 00 00 00 00 00 00 00
81[32]: aa 01 27 d2 00 00 00 00 00 00 00 00 00 00 00 00 00 00 00 00 00 00 00 00 00 00 00 00 00 00 00 00
81[32]: aa 01 28 d3 00 00 00 00 00 00 00 00 00 00 00 00 00 00 00 00 00 00 00 00 00 00 00 00 00 00 00 00
01[32]: ff 02 83 29 ad 51 01 00 00 00 14 00 02 2a 32 80 00 00 00 00 36 e7 3c 90 00 00 00 00 00 00 00 00
81[32]: aa 09 29 44 07 01 90 88 54 20 00 b4 00 00 00 00 00 00 00 00 00 00 00 00 00 00 00 00 00 00 00 00
01[32]: ff 02 a1 2a cc 51 01 00 00 00 14 00 02 2a 32 80 00 00 00 00 36 e7 3c 90 00 00 00 00 00 00 00 00
81[32]: aa 01 2a d5 00 00 00 00 00 00 00 00 00 00 00 00 00 00 00 00 00 00 00 00 00 00 00 00 00 00 00 00
01[32]: ff 08 92 2b 02 51 01 fc bd 7e 4f 00 02 2a 32 80 00 00 00 00 36 e7 3c 90 00 00 00 00 00 00 00 00
01[32]: ff 08 92 2c 01 51 01 fc bd 7e 4f 00 02 2a 32 80 00 00 00 00 36 e7 3c 90 00 00 00 00 00 00 00 00
81[32]: aa 01 2b d6 00 00 00 00 00 00 00 00 00 00 00 00 00 00 00 00 00 00 00 00 00 00 00 00 00 00 00 00
81[32]: aa 01 2c d7 00 00 00 00 00 00 00 00 00 00 00 00 00 00 00 00 00 00 00 00 00 00 00 00 00 00 00 00
01[32]: ff 08 92 2d 02 51 01 00 00 00 1a 00 02 2a 32 80 00 00 00 00 36 e7 3c 90 24 00 00 44 00 00 00 00
01[32]: ff 08 92 2e 01 51 01 00 00 00 1a 00 02 2a 32 80 00 00 00 00 36 e7 3c 90 24 00 00 44 00 00 00 00
81[32]: aa 01 2d d8 00 00 00 00 00 00 00 00 00 00 00 00 00 00 00 00 00 00 00 00 00 00 00 00 00 00 00 00
81[32]: aa 01 2e d9 00 00 00 00 00 00 00 00 00 00 00 00 00 00 00 00 00 00 00 00 00 00 00 00 00 00 00 00
01[32]: ff 02 83 2f b3 51 01 00 00 00 1a 00 02 2a 32 80 00 00 00 00 36 e7 3c 90 24 00 00 44 00 00 00 00
81[32]: aa 09 2f 45 07 80 98 10 45 20 10 cb 00 00 00 00 00 00 00 00 00 00 00 00 00 00 00 00 00 00 00 00
01[32]: ff 02 a1 30 d2 51 01 00 00 00 1a 00 02 2a 32 80 00 00 00 00 36 e7 3c 90 24 00 00 44 00 00 00 00
81[32]: aa 01 30 db 00 00 00 00 00 00 00 00 00 00 00 00 00 00 00 00 00 00 00 00 00 00 00 00 00 00 00 00
01[32]: ff 02 83 31 b5 51 01 00 00 00 1a 00 02 2a 32 80 00 00 00 00 36 e7 3c 90 24 00 00 44 00 00 00 00
81[32]: aa 09 31 10 00 01 90 88 55 08 40 aa 00 00 00 00 00 00 00 00 00 00 00 00 00 00 00 00 00 00 00 00
01[32]: ff 02 a1 32 d4 51 01 00 00 00 1a 00 02 2a 32 80 00 00 00 00 36 e7 3c 90 24 00 00 44 00 00 00 00
81[32]: aa 01 32 dd 00 00 00 00 00 00 00 00 00 00 00 00 00 00 00 00 00 00 00 00 00 00 00 00 00 00 00 00
