 ff 11 80 00 28 63 29 20 44 69 73 6e 65 79 20 32 30 31 33 b6 00 00 00 00 00 00 00 00 00 00 00 00
 ff 03 b5 01 ff b7 29 20 44 69 73 6e 65 79 20 32 30 31 33 b6 00 00 00 00 00 00 00 00 00 00 00 00
 ff 03 b5 02 01 ba 29 20 44 69 73 6e 65 79 20 32 30 31 33 b6 00 00 00 00 00 00 00 00 00 00 00 00
 ff 0a 81 03 8d 7d da 82 a8 06 43 6c 50 79 20 32 30 31 33 b6 00 00 00 00 00 00 00 00 00 00 00 00
 ff 02 83 04 88 7d da 82 a8 06 43 6c 50 79 20 32 30 31 33 b6 00 00 00 00 00 00 00 00 00 00 00 00
 ff 02 a1 05 a7 7d da 82 a8 06 43 6c 50 79 20 32 30 31 33 b6 00 00 00 00 00 00 00 00 00 00 00 00
 ff 06 90 06 02 00 00 00 9d 00 00 00 36 f1 2c 70 00 00 00 00 36 e7 3c 90 28 00 00 44 00 00 00 00
 ff 09 93 07 02 02 02 06 ff 00 00 ad 36 f1 2c 70 00 00 00 00 36 e7 3c 90 28 00 00 44 00 00 00 00
 ff 06 90 08 02 00 00 00 9f 00 00 00 36 f1 2c 70 00 00 00 00 36 e7 3c 90 28 00 00 44 00 00 00 00
 ff 09 93 09 02 02 02 06 ff 00 00 af 36 f1 2c 70 00 00 00 00 36 e7 3c 90 28 00 00 44 00 00 00 00
 ff 02 83 0a 8e 02 02 06 ff 00 00 af 36 f1 2c 70 00 00 00 00 36 e7 3c 90 28 00 00 44 00 00 00 00
 ff 02 a1 0b ad 02 02 06 ff 00 00 af 36 f1 2c 70 00 00 00 00 36 e7 3c 90 28 00 00 44 00 00 00 00
 ff 06 90 0c 02 00 00 00 a3 00 00 00 36 f1 2c 70 00 00 00 00 36 e7 3c 90 28 00 00 44 00 00 00 00
 ff 09 93 0d 02 02 02 06 ff 00 00 b3 36 f1 2c 70 00 00 00 00 36 e7 3c 90 28 00 00 44 00 00 00 00
 ff 06 90 0e 02 00 00 00 a5 00 00 00 36 f1 2c 70 00 00 00 00 36 e7 3c 90 28 00 00 44 00 00 00 00
 ff 09 93 0f 02 02 02 06 ff 00 00 b5 36 f1 2c 70 00 00 00 00 36 e7 3c 90 28 00 00 44 00 00 00 00
 ff 06 90 10 02 00 00 00 a7 00 00 00 36 f1 2c 70 00 00 00 00 36 e7 3c 90 00 00 00 00 00 00 00 00
 ff 09 93 11 02 02 02 06 ff 00 00 b7 36 f1 2c 70 00 00 00 00 36 e7 3c 90 28 00 00 44 00 00 00 00
 ff 02 83 12 96 02 02 06 ff 00 00 b7 36 f1 2c 70 00 00 00 00 36 e7 3c 90 28 00 00 44 00 00 00 00
 ff 02 a1 13 b5 02 02 06 ff 00 00 b7 36 f1 2c 70 00 00 00 00 36 e7 3c 90 28 00 00 44 00 00 00 00
 ff 06 90 14 02 00 00 00 ab 00 00 00 36 f1 2c 70 00 00 00 00 36 e7 3c 90 28 00 00 44 00 00 00 00
 ff 09 93 15 02 02 02 06 ff 00 00 bb 36 f1 2c 70 00 00 00 00 36 e7 3c 90 28 00 00 44 00 00 00 00
 ff 06 90 16 02 00 00 00 ad 00 00 00 36 f1 2c 70 00 00 00 00 36 e7 3c 90 28 00 00 44 00 00 00 00
 ff 09 93 17 02 02 02 06 ff 00 00 bd 36 f1 2c 70 00 00 00 00 36 e7 3c 90 28 00 00 44 00 00 00 00
 ff 06 90 18 02 00 00 00 af 00 00 00 36 f1 2c 70 00 00 00 00 36 e7 3c 90 28 00 00 44 00 00 00 00
 ff 09 93 19 02 02 02 06 ff 00 00 bf 36 f1 2c 70 00 00 00 00 36 e7 3c 90 28 00 00 44 00 00 00 00
 ff 02 83 1a 9e 02 02 06 ff 00 00 bf 36 f1 2c 70 00 00 00 00 36 e7 3c 90 28 00 00 44 00 00 00 00
 ff 02 a1 1b bd 02 02 06 ff 00 00 bf 36 f1 2c 70 00 00 00 00 36 e7 3c 90 28 00 00 44 00 00 00 00
 ff 06 90 1c 02 00 00 00 b3 00 00 00 36 f1 2c 70 00 00 00 00 36 e7 3c 90 28 00 00 44 00 00 00 00
 ff 09 93 1d 02 02 02 06 ff 00 00 c3 36 f1 2c 70 00 00 00 00 36 e7 3c 90 28 00 00 44 00 00 00 00
 ff 06 90 1e 02 00 00 00 b5 00 00 00 36 f1 2c 70 00 00 00 00 36 e7 3c 90 28 00 00 44 00 00 00 00
 ff 09 93 1f 02 02 02 06 ff 00 00 c5 36 f1 2c 70 00 00 00 00 36 e7 3c 90 00 00 00 00 00 00 00 00
 ff 06 90 20 02 00 00 00 b7 00 00 00 36 f1 2c 70 00 00 00 00 36 e7 3c 90 28 00 00 44 00 00 00 00
 ff 09 93 21 02 02 02 06 ff 00 00 c7 36 f1 2c 70 00 00 00 00 36 e7 3c 90 28 00 00 44 00 00 00 00
 ff 02 83 22 a6 02 02 06 ff 00 00 c7 36 f1 2c 70 00 00 00 00 36 e7 3c 90 28 00 00 44 00 00 00 00
 ff 06 90 23 02 00 00 00 ba 00 00 00 36 f1 2c 70 00 00 00 00 36 e7 3c 90 28 00 00 44 00 00 00 00
 ff 09 93 24 02 02 02 06 ff 00 00 ca 36 f1 2c 70 00 00 00 00 36 e7 3c 90 00 00 00 00 00 00 00 00
 ff 02 a1 25 c7 02 02 06 ff 00 00 ca 36 f1 2c 70 00 00 00 00 36 e7 3c 90 00 00 00 00 00 00 00 00
 ff 03 b4 26 00 dc 02 06 ff 00 00 ca 36 f1 2c 70 00 00 00 00 36 e7 3c 90 00 00 00 00 00 00 00 00
 ff 05 a2 27 00 00 01 ce ff 00 00 ca 36 f1 2c 70 00 00 00 00 36 e7 3c 90 00 00 00 00 00 00 00 00
 ff 05 a2 28 00 01 00 cf ff 00 00 ca 36 f1 2c 70 00 00 00 00 36 e7 3c 90 00 00 00 00 00 00 00 00
 ff 05 a2 29 00 02 00 d1 ff 00 00 ca 36 f1 2c 70 00 00 00 00 36 e7 3c 90 00 00 00 00 00 00 00 00
 ff 05 a2 2a 00 00 02 d2 ff 00 00 ca 36 f1 2c 70 00 00 00 00 36 e7 3c 90 00 00 00 00 00 00 00 00
 ff 05 a2 2b 00 03 00 d4 ff 00 00 ca 36 f1 2c 70 00 00 00 00 36 e7 3c 90 00 00 00 00 00 00 00 00
 ff 05 a2 2c 00 03 01 d6 ff 00 00 ca 36 f1 2c 70 00 00 00 00 36 e7 3c 90 00 00 00 00 00 00 00 00
 ff 05 a2 2d 00 01 01 d5 ff 00 00 ca 36 f1 2c 70 00 00 00 00 36 e7 3c 90 00 00 00 00 00 00 00 00
 ff 05 a2 2e 00 02 01 d7 ff 00 00 ca 36 f1 2c 70 00 00 00 00 36 e7 3c 90 00 00 00 00 00 00 00 00
 ff 06 90 2f 02 00 00 00 c6 00 00 00 36 f1 2c 70 00 00 00 00 36 e7 3c 90 28 00 00 44 00 00 00 00
 ff 08 92 30 02 02 02 ff 00 00 ce 00 36 f1 2c 70 00 00 00 00 36 e7 3c 90 28 00 00 44 00 00 00 00
 ff 08 92 31 02 02 02 ff 5a 00 29 00 36 f1 2c 70 00 00 00 00 36 e7 3c 90 28 00 00 44 00 00 00 00
 ff 08 92 32 02 02 02 ff 00 00 d0 00 36 f1 2c 70 00 00 00 00 36 e7 3c 90 00 00 00 00 00 00 00 00
 ff 08 92 33 02 02 02 ff 5a 00 2b 00 36 f1 2c 70 00 00 00 00 36 e7 3c 90 28 00 00 44 00 00 00 00
 ff 08 92 34 02 02 02 ff 00 00 d2 00 36 f1 2c 70 00 00 00 00 36 e7 3c 90 28 00 00 44 00 00 00 00
 ff 08 92 35 02 02 02 ff 5a 00 2d 00 36 f1 2c 70 00 00 00 00 36 e7 3c 90 28 00 00 44 00 00 00 00
 ff 08 92 36 02 02 02 ff 00 00 d4 00 36 f1 2c 70 00 00 00 00 36 e7 3c 90 28 00 00 44 00 00 00 00
 ff 08 92 37 02 02 02 ff 5a 00 2f 00 36 f1 2c 70 00 00 00 00 36 e7 3c 90 00 00 00 00 00 00 00 00
 ff 02 83 38 bc 02 02 ff 5a 00 2f 00 36 f1 2c 70 00 00 00 00 36 e7 3c 90 00 00 00 00 00 00 00 00
 ff 02 a1 39 db 02 02 ff 5a 00 2f 00 36 f1 2c 70 00 00 00 00 36 e7 3c 90 00 00 00 00 00 00 00 00
 ff 03 b4 3a 00 f0 02 ff 5a 00 2f 00 36 f1 2c 70 00 00 00 00 36 e7 3c 90 00 00 00 00 00 00 00 00
 ff 02 83 3b bf f0 02 ff 5a 00 2f 00 36 f1 2c 70 00 00 00 00 36 e7 3c 90 00 00 00 00 00 00 00 00
 ff 02 a1 3c de f0 02 ff 5a 00 2f 00 36 f1 2c 70 00 00 00 00 36 e7 3c 90 00 00 00 00 00 00 00 00
 ff 03 b4 3d 00 f3 02 ff 5a 00 2f 00 36 f1 2c 70 00 00 00 00 36 e7 3c 90 00 00 00 00 00 00 00 00
 ff 02 83 3e c2 f3 02 ff 5a 00 2f 00 36 f1 2c 70 00 00 00 00 36 e7 3c 90 00 00 00 00 00 00 00 00
 ff 02 a1 3f e1 f3 02 ff 5a 00 2f 00 36 f1 2c 70 00 00 00 00 36 e7 3c 90 00 00 00 00 00 00 00 00
 ff 03 b4 40 00 f6 02 ff 5a 00 2f 00 36 f1 2c 70 00 00 00 00 36 e7 3c 90 00 00 00 00 00 00 00 00
 ff 06 90 41 02 00 00 00 d8 00 00 00 36 f1 2c 70 00 00 00 00 36 e7 3c 90 00 00 00 00 00 00 00 00
 ff 15 a3 42 00 02 00 b2 74 1b 15 5f 58 9e 1b ed 41 ff d8 e5 93 c6 38 3c 00 00 00 00 00 00 00 00
 ff 08 92 43 03 51 01 fc bd 7e 68 00 36 f1 2c 70 00 00 00 00 36 e7 3c 90 28 00 00 44 00 00 00 00
 ff 08 92 44 01 51 01 fc bd 7e 67 00 36 f1 2c 70 00 00 00 00 36 e7 3c 90 28 00 00 44 00 00 00 00
 ff 08 92 45 02 24 02 ff 00 00 05 00 36 f1 2c 70 00 00 00 00 36 e7 3c 90 28 00 00 44 00 00 00 00
 ff 08 92 46 03 51 01 00 00 00 34 00 36 f1 2c 70 00 00 00 00 36 e7 3c 90 28 00 00 44 00 00 00 00
 ff 08 92 47 01 51 01 00 00 00 33 00 36 f1 2c 70 00 00 00 00 36 e7 3c 90 28 00 00 44 00 00 00 00
 ff 02 83 48 cc 51 01 00 00 00 33 00 36 f1 2c 70 00 00 00 00 36 e7 3c 90 28 00 00 44 00 00 00 00
 ff 08 92 49 02 24 02 ff 5a 00 63 00 36 f1 2c 70 00 00 00 00 36 e7 3c 90 28 00 00 44 00 00 00 00
 ff 02 a1 4a ec 24 02 ff 5a 00 63 00 36 f1 2c 70 00 00 00 00 36 e7 3c 90 28 00 00 44 00 00 00 00
 ff 03 b4 4b 00 01 02 ff 5a 00 63 00 36 f1 2c 70 00 00 00 00 36 e7 3c 90 28 00 00 44 00 00 00 00
 ff 08 92 4c 03 51 01 fc bd 7e 71 00 36 f1 2c 70 00 00 00 00 36 e7 3c 90 28 00 00 44 00 00 00 00
 ff 08 92 4d 01 51 01 fc bd 7e 70 00 36 f1 2c 70 00 00 00 00 36 e7 3c 90 28 00 00 44 00 00 00 00
 ff 08 92 4e 03 51 01 00 00 00 3c 00 36 f1 2c 70 00 00 00 00 36 e7 3c 90 28 00 00 44 00 00 00 00
 ff 08 92 4f 01 51 01 00 00 00 3b 00 36 f1 2c 70 00 00 00 00 36 e7 3c 90 28 00 00 44 00 00 00 00
 ff 08 92 50 02 24 02 ff 00 00 10 00 36 f1 2c 70 00 00 00 00 36 e7 3c 90 28 00 00 44 00 00 00 00
 ff 02 83 51 d5 24 02 ff 00 00 10 00 36 f1 2c 70 00 00 00 00 36 e7 3c 90 28 00 00 44 00 00 00 00
 ff 08 92 52 03 51 01 fc bd 7e 77 00 36 f1 2c 70 00 00 00 00 36 e7 3c 90 28 00 00 44 00 00 00 00
 ff 08 92 53 01 51 01 fc bd 7e 76 00 36 f1 2c 70 00 00 00 00 36 e7 3c 90 28 00 00 44 00 00 00 00
 ff 02 a1 54 f6 51 01 fc bd 7e 76 00 36 f1 2c 70 00 00 00 00 36 e7 3c 90 28 00 00 44 00 00 00 00
 ff 03 b4 55 00 0b 01 fc bd 7e 76 00 36 f1 2c 70 00 00 00 00 36 e7 3c 90 28 00 00 44 00 00 00 00
 ff 08 92 56 02 24 02 ff 5a 00 70 00 36 f1 2c 70 00 00 00 00 36 e7 3c 90 28 00 00 44 00 00 00 00
 ff 08 92 57 03 51 01 00 00 00 45 00 36 f1 2c 70 00 00 00 00 36 e7 3c 90 00 00 00 00 00 00 00 00
 ff 08 92 58 01 51 01 00 00 00 44 00 36 f1 2c 70 00 00 00 00 36 e7 3c 90 00 00 00 00 00 00 00 00
 ff 02 83 59 dd 51 01 00 00 00 44 00 36 f1 2c 70 00 00 00 00 36 e7 3c 90 00 00 00 00 00 00 00 00
 ff 08 92 5a 03 51 01 fc bd 7e 7f 00 36 f1 2c 70 00 00 00 00 36 e7 3c 90 00 00 00 00 00 00 00 00
 ff 08 92 5b 01 51 01 fc bd 7e 7e 00 36 f1 2c 70 00 00 00 00 36 e7 3c 90 00 00 00 00 00 00 00 00
 ff 08 92 5c 02 24 02 ff 00 00 1c 00 36 f1 2c 70 00 00 00 00 36 e7 3c 90 28 00 00 44 00 00 00 00
 ff 02 a1 5d ff 24 02 ff 00 00 1c 00 36 f1 2c 70 00 00 00 00 36 e7 3c 90 28 00 00 44 00 00 00 00
 ff 03 b4 5e 00 14 02 ff 00 00 1c 00 36 f1 2c 70 00 00 00 00 36 e7 3c 90 28 00 00 44 00 00 00 00
 ff 08 92 5f 03 51 01 00 00 00 4d 00 36 f1 2c 70 00 00 00 00 36 e7 3c 90 28 00 00 44 00 00 00 00
 ff 08 92 60 01 51 01 00 00 00 4c 00 36 f1 2c 70 00 00 00 00 36 e7 3c 90 28 00 00 44 00 00 00 00
 ff 08 92 61 02 24 02 ff 5a 00 7b 00 36 f1 2c 70 00 00 00 00 36 e7 3c 90 28 00 00 44 00 00 00 00
 ff 08 92 62 03 51 01 fc bd 7e 87 00 36 f1 2c 70 00 00 00 00 36 e7 3c 90 00 00 00 00 00 00 00 00
 ff 08 92 63 01 51 01 fc bd 7e 86 00 36 f1 2c 70 00 00 00 00 36 e7 3c 90 00 00 00 00 00 00 00 00
 ff 02 83 64 e8 51 01 fc bd 7e 86 00 36 f1 2c 70 00 00 00 00 36 e7 3c 90 00 00 00 00 00 00 00 00
 ff 02 a1 65 07 51 01 fc bd 7e 86 00 36 f1 2c 70 00 00 00 00 36 e7 3c 90 00 00 00 00 00 00 00 00
 ff 03 b4 66 00 1c 01 fc bd 7e 86 00 36 f1 2c 70 00 00 00 00 36 e7 3c 90 00 00 00 00 00 00 00 00
 ff 08 92 67 03 51 01 00 00 00 55 00 36 f1 2c 70 00 00 00 00 36 e7 3c 90 28 00 00 44 00 00 00 00
 ff 08 92 68 01 51 01 00 00 00 54 00 36 f1 2c 70 00 00 00 00 36 e7 3c 90 28 00 00 44 00 00 00 00
 ff 08 92 69 02 24 02 ff 00 00 29 00 36 f1 2c 70 00 00 00 00 36 e7 3c 90 00 00 00 00 00 00 00 00
 ff 08 92 6a 03 51 01 fc bd 7e 8f 00 36 f1 2c 70 00 00 00 00 36 e7 3c 90 00 00 00 00 00 00 00 00
 ff 08 92 6b 01 51 01 fc bd 7e 8e 00 36 f1 2c 70 00 00 00 00 36 e7 3c 90 00 00 00 00 00 00 00 00
 ff 02 83 6c f0 51 01 fc bd 7e 8e 00 36 f1 2c 70 00 00 00 00 36 e7 3c 90 00 00 00 00 00 00 00 00
 ff 08 92 6d 02 24 02 ff 5a 00 87 00 36 f1 2c 70 00 00 00 00 36 e7 3c 90 28 00 00 44 00 00 00 00
 ff 02 a1 6e 10 24 02 ff 5a 00 87 00 36 f1 2c 70 00 00 00 00 36 e7 3c 90 28 00 00 44 00 00 00 00
 ff 03 b4 6f 00 25 02 ff 5a 00 87 00 36 f1 2c 70 00 00 00 00 36 e7 3c 90 28 00 00 44 00 00 00 00
 ff 08 92 70 03 51 01 00 00 00 5e 00 36 f1 2c 70 00 00 00 00 36 e7 3c 90 00 00 00 00 00 00 00 00
 ff 08 92 71 01 51 01 00 00 00 5d 00 36 f1 2c 70 00 00 00 00 36 e7 3c 90 00 00 00 00 00 00 00 00
 ff 08 92 72 03 51 01 fc bd 7e 97 00 36 f1 2c 70 00 00 00 00 36 e7 3c 90 28 00 00 44 00 00 00 00
 ff 08 92 73 01 51 01 fc bd 7e 96 00 36 f1 2c 70 00 00 00 00 36 e7 3c 90 28 00 00 44 00 00 00 00
 ff 08 92 74 02 24 02 ff 00 00 34 00 36 f1 2c 70 00 00 00 00 36 e7 3c 90 28 00 00 44 00 00 00 00
 ff 02 83 75 f9 24 02 ff 00 00 34 00 36 f1 2c 70 00 00 00 00 36 e7 3c 90 28 00 00 44 00 00 00 00
 ff 08 92 76 03 51 01 00 00 00 64 00 36 f1 2c 70 00 00 00 00 36 e7 3c 90 28 00 00 44 00 00 00 00
 ff 08 92 77 01 51 01 00 00 00 63 00 36 f1 2c 70 00 00 00 00 36 e7 3c 90 28 00 00 44 00 00 00 00
 ff 02 a1 78 1a 51 01 00 00 00 63 00 36 f1 2c 70 00 00 00 00 36 e7 3c 90 28 00 00 44 00 00 00 00
 ff 03 b4 79 00 2f 01 00 00 00 63 00 36 f1 2c 70 00 00 00 00 36 e7 3c 90 28 00 00 44 00 00 00 00
 ff 08 92 7a 02 24 02 ff 5a 00 94 00 36 f1 2c 70 00 00 00 00 36 e7 3c 90 28 00 00 44 00 00 00 00
 ff 08 92 7b 03 51 01 fc bd 7e a0 00 36 f1 2c 70 00 00 00 00 36 e7 3c 90 00 00 00 00 00 00 00 00
 ff 08 92 7c 01 51 01 fc bd 7e 9f 00 36 f1 2c 70 00 00 00 00 36 e7 3c 90 00 00 00 00 00 00 00 00
 ff 08 92 7d 03 51 01 00 00 00 6b 00 36 f1 2c 70 00 00 00 00 36 e7 3c 90 00 00 00 00 00 00 00 00
 ff 08 92 7e 01 51 01 00 00 00 6a 00 36 f1 2c 70 00 00 00 00 36 e7 3c 90 00 00 00 00 00 00 00 00
 ff 02 83 7f 03 51 01 00 00 00 6a 00 36 f1 2c 70 00 00 00 00 36 e7 3c 90 00 00 00 00 00 00 00 00
 ff 08 92 80 02 24 02 ff 00 00 40 00 36 f1 2c 70 00 00 00 00 36 e7 3c 90 28 00 00 44 00 00 00 00
 ff 02 a1 81 23 24 02 ff 00 00 40 00 36 f1 2c 70 00 00 00 00 36 e7 3c 90 28 00 00 44 00 00 00 00
 ff 03 b4 82 00 38 02 ff 00 00 40 00 36 f1 2c 70 00 00 00 00 36 e7 3c 90 28 00 00 44 00 00 00 00
 ff 08 92 83 03 51 01 fc bd 7e a8 00 36 f1 2c 70 00 00 00 00 36 e7 3c 90 28 00 00 44 00 00 00 00
 ff 08 92 84 01 51 01 fc bd 7e a7 00 36 f1 2c 70 00 00 00 00 36 e7 3c 90 28 00 00 44 00 00 00 00
 ff 08 92 85 02 24 02 ff 5a 00 9f 00 36 f1 2c 70 00 00 00 00 36 e7 3c 90 28 00 00 44 00 00 00 00
 ff 08 92 86 03 51 01 00 00 00 74 00 36 f1 2c 70 00 00 00 00 36 e7 3c 90 28 00 00 44 00 00 00 00
 ff 08 92 87 01 51 01 00 00 00 73 00 36 f1 2c 70 00 00 00 00 36 e7 3c 90 28 00 00 44 00 00 00 00
 ff 02 83 88 0c 51 01 00 00 00 73 00 36 f1 2c 70 00 00 00 00 36 e7 3c 90 28 00 00 44 00 00 00 00
 ff 02 a1 89 2b 51 01 00 00 00 73 00 36 f1 2c 70 00 00 00 00 36 e7 3c 90 28 00 00 44 00 00 00 00
 ff 03 b4 8a 00 40 01 00 00 00 73 00 36 f1 2c 70 00 00 00 00 36 e7 3c 90 28 00 00 44 00 00 00 00
 ff 08 92 8b 03 51 01 fc bd 7e b0 00 36 f1 2c 70 00 00 00 00 36 e7 3c 90 28 00 00 44 00 00 00 00
 ff 08 92 8c 01 51 01 fc bd 7e af 00 36 f1 2c 70 00 00 00 00 36 e7 3c 90 28 00 00 44 00 00 00 00
 ff 08 92 8d 02 24 02 ff 00 00 4d 00 36 f1 2c 70 00 00 00 00 36 e7 3c 90 28 00 00 44 00 00 00 00
 ff 08 92 8e 03 51 01 00 00 00 7c 00 36 f1 2c 70 00 00 00 00 36 e7 3c 90 28 00 00 44 00 00 00 00
 ff 08 92 8f 01 51 01 00 00 00 7b 00 36 f1 2c 70 00 00 00 00 36 e7 3c 90 28 00 00 44 00 00 00 00
 ff 02 83 90 14 51 01 00 00 00 7b 00 36 f1 2c 70 00 00 00 00 36 e7 3c 90 28 00 00 44 00 00 00 00
 ff 08 92 91 02 24 02 ff 5a 00 ab 00 36 f1 2c 70 00 00 00 00 36 e7 3c 90 28 00 00 44 00 00 00 00
 ff 08 92 92 03 51 01 fc bd 7e b7 00 36 f1 2c 70 00 00 00 00 36 e7 3c 90 28 00 00 44 00 00 00 00
 ff 08 92 93 01 51 01 fc bd 7e b6 00 36 f1 2c 70 00 00 00 00 36 e7 3c 90 28 00 00 44 00 00 00 00
 ff 02 a1 94 36 51 01 fc bd 7e b6 00 36 f1 2c 70 00 00 00 00 36 e7 3c 90 28 00 00 44 00 00 00 00
 ff 03 b4 95 00 4b 01 fc bd 7e b6 00 36 f1 2c 70 00 00 00 00 36 e7 3c 90 28 00 00 44 00 00 00 00
 ff 08 92 96 03 51 01 00 00 00 84 00 36 f1 2c 70 00 00 00 00 36 e7 3c 90 28 00 00 44 00 00 00 00
 ff 08 92 97 01 51 01 00 00 00 83 00 36 f1 2c 70 00 00 00 00 36 e7 3c 90 28 00 00 44 00 00 00 00
 ff 08 92 98 02 24 02 ff 00 00 58 00 36 f1 2c 70 00 00 00 00 36 e7 3c 90 28 00 00 44 00 00 00 00
 ff 02 83 99 1d 24 02 ff 00 00 58 00 36 f1 2c 70 00 00 00 00 36 e7 3c 90 28 00 00 44 00 00 00 00
 ff 08 92 9a 03 51 01 fc bd 7e bf 00 36 f1 2c 70 00 00 00 00 36 e7 3c 90 28 00 00 44 00 00 00 00
 ff 08 92 9b 01 51 01 fc bd 7e be 00 36 f1 2c 70 00 00 00 00 36 e7 3c 90 28 00 00 44 00 00 00 00
 ff 02 a1 9c 3e 51 01 fc bd 7e be 00 36 f1 2c 70 00 00 00 00 36 e7 3c 90 28 00 00 44 00 00 00 00
 ff 03 b4 9d 00 53 01 fc bd 7e be 00 36 f1 2c 70 00 00 00 00 36 e7 3c 90 28 00 00 44 00 00 00 00
 ff 08 92 9e 03 51 01 00 00 00 8c 00 36 f1 2c 70 00 00 00 00 36 e7 3c 90 28 00 00 44 00 00 00 00
 ff 08 92 9f 01 51 01 00 00 00 8b 00 36 f1 2c 70 00 00 00 00 36 e7 3c 90 28 00 00 44 00 00 00 00
 ff 08 92 a0 02 24 02 ff 5a 00 ba 00 36 f1 2c 70 00 00 00 00 36 e7 3c 90 28 00 00 44 00 00 00 00
 ff 08 92 a1 03 51 01 fc bd 7e c6 00 36 f1 2c 70 00 00 00 00 36 e7 3c 90 28 00 00 44 00 00 00 00
 ff 08 92 a2 01 51 01 fc bd 7e c5 00 36 f1 2c 70 00 00 00 00 36 e7 3c 90 28 00 00 44 00 00 00 00
 ff 02 83 a3 27 51 01 fc bd 7e c5 00 36 f1 2c 70 00 00 00 00 36 e7 3c 90 28 00 00 44 00 00 00 00
 ff 02 a1 a4 46 51 01 fc bd 7e c5 00 36 f1 2c 70 00 00 00 00 36 e7 3c 90 28 00 00 44 00 00 00 00
 ff 08 92 a5 02 24 02 ff 00 00 65 00 36 f1 2c 70 00 00 00 00 36 e7 3c 90 28 00 00 44 00 00 00 00
 ff 03 b4 a6 00 5c 02 ff 00 00 65 00 36 f1 2c 70 00 00 00 00 36 e7 3c 90 28 00 00 44 00 00 00 00
 ff 08 92 a7 03 51 01 00 00 00 95 00 36 f1 2c 70 00 00 00 00 36 e7 3c 90 28 00 00 44 00 00 00 00
 ff 08 92 a8 01 51 01 00 00 00 94 00 36 f1 2c 70 00 00 00 00 36 e7 3c 90 28 00 00 44 00 00 00 00
 ff 08 92 a9 03 51 01 fc bd 7e ce 00 36 f1 2c 70 00 00 00 00 36 e7 3c 90 28 00 00 44 00 00 00 00
 ff 08 92 aa 01 51 01 fc bd 7e cd 00 36 f1 2c 70 00 00 00 00 36 e7 3c 90 28 00 00 44 00 00 00 00
 ff 08 92 ab 02 24 02 ff 5a 00 c5 00 36 f1 2c 70 00 00 00 00 36 e7 3c 90 28 00 00 44 00 00 00 00
 ff 02 83 ac 30 24 02 ff 5a 00 c5 00 36 f1 2c 70 00 00 00 00 36 e7 3c 90 28 00 00 44 00 00 00 00
 ff 02 a1 ad 4f 24 02 ff 5a 00 c5 00 36 f1 2c 70 00 00 00 00 36 e7 3c 90 28 00 00 44 00 00 00 00
 ff 03 b4 ae 00 64 02 ff 5a 00 c5 00 36 f1 2c 70 00 00 00 00 36 e7 3c 90 28 00 00 44 00 00 00 00
 ff 08 92 af 03 51 01 00 00 00 9d 00 36 f1 2c 70 00 00 00 00 36 e7 3c 90 28 00 00 44 00 00 00 00
 ff 08 92 b0 01 51 01 00 00 00 9c 00 36 f1 2c 70 00 00 00 00 36 e7 3c 90 28 00 00 44 00 00 00 00
 ff 08 92 b1 02 24 02 ff 00 00 71 00 36 f1 2c 70 00 00 00 00 36 e7 3c 90 28 00 00 44 00 00 00 00
 ff 08 92 b2 03 51 01 fc bd 7e d7 00 36 f1 2c 70 00 00 00 00 36 e7 3c 90 28 00 00 44 00 00 00 00
 ff 08 92 b3 01 51 01 fc bd 7e d6 00 36 f1 2c 70 00 00 00 00 36 e7 3c 90 28 00 00 44 00 00 00 00
 ff 02 83 b4 38 51 01 fc bd 7e d6 00 36 f1 2c 70 00 00 00 00 36 e7 3c 90 28 00 00 44 00 00 00 00
 ff 08 92 b5 03 51 01 00 00 00 a3 00 36 f1 2c 70 00 00 00 00 36 e7 3c 90 28 00 00 44 00 00 00 00
 ff 08 92 b6 01 51 01 00 00 00 a2 00 36 f1 2c 70 00 00 00 00 36 e7 3c 90 28 00 00 44 00 00 00 00
 ff 02 a1 b7 59 51 01 00 00 00 a2 00 36 f1 2c 70 00 00 00 00 36 e7 3c 90 28 00 00 44 00 00 00 00
 ff 08 92 b8 02 24 02 ff 5a 00 d2 00 36 f1 2c 70 00 00 00 00 36 e7 3c 90 28 00 00 44 00 00 00 00
 ff 03 b4 b9 00 6f 02 ff 5a 00 d2 00 36 f1 2c 70 00 00 00 00 36 e7 3c 90 28 00 00 44 00 00 00 00
 ff 08 92 ba 03 51 01 fc bd 7e df 00 36 f1 2c 70 00 00 00 00 36 e7 3c 90 28 00 00 44 00 00 00 00
 ff 08 92 bb 01 51 01 fc bd 7e de 00 36 f1 2c 70 00 00 00 00 36 e7 3c 90 28 00 00 44 00 00 00 00
 ff 08 92 bc 02 24 02 ff 00 00 7c 00 36 f1 2c 70 00 00 00 00 36 e7 3c 90 28 00 00 44 00 00 00 00
 ff 02 83 bd 41 24 02 ff 00 00 7c 00 36 f1 2c 70 00 00 00 00 36 e7 3c 90 28 00 00 44 00 00 00 00
 ff 08 92 be 03 51 01 00 00 00 ac 00 36 f1 2c 70 00 00 00 00 36 e7 3c 90 28 00 00 44 00 00 00 00
 ff 08 92 bf 01 51 01 00 00 00 ab 00 36 f1 2c 70 00 00 00 00 36 e7 3c 90 28 00 00 44 00 00 00 00
 ff 02 a1 c0 62 51 01 00 00 00 ab 00 36 f1 2c 70 00 00 00 00 36 e7 3c 90 28 00 00 44 00 00 00 00
 ff 03 b4 c1 00 77 01 00 00 00 ab 00 36 f1 2c 70 00 00 00 00 36 e7 3c 90 28 00 00 44 00 00 00 00
 ff 08 92 c2 03 51 01 fc bd 7e e7 00 36 f1 2c 70 00 00 00 00 36 e7 3c 90 00 00 00 00 00 00 00 00
 ff 08 92 c3 01 51 01 fc bd 7e e6 00 36 f1 2c 70 00 00 00 00 36 e7 3c 90 00 00 00 00 00 00 00 00
 ff 08 92 c4 02 24 02 ff 5a 00 de 00 36 f1 2c 70 00 00 00 00 36 e7 3c 90 28 00 00 44 00 00 00 00
 ff 08 92 c5 03 51 01 00 00 00 b3 00 36 f1 2c 70 00 00 00 00 36 e7 3c 90 28 00 00 44 00 00 00 00
 ff 08 92 c6 01 51 01 00 00 00 b2 00 36 f1 2c 70 00 00 00 00 36 e7 3c 90 28 00 00 44 00 00 00 00
 ff 02 83 c7 4b 51 01 00 00 00 b2 00 36 f1 2c 70 00 00 00 00 36 e7 3c 90 28 00 00 44 00 00 00 00
 ff 02 a1 c8 6a 51 01 00 00 00 b2 00 36 f1 2c 70 00 00 00 00 36 e7 3c 90 28 00 00 44 00 00 00 00
 ff 03 b4 c9 00 7f 01 00 00 00 b2 00 36 f1 2c 70 00 00 00 00 36 e7 3c 90 28 00 00 44 00 00 00 00
 ff 08 92 ca 02 24 02 ff 00 00 8a 00 36 f1 2c 70 00 00 00 00 36 e7 3c 90 28 00 00 44 00 00 00 00
 ff 03 b4 cb 01 82 02 ff 00 00 8a 00 36 f1 2c 70 00 00 00 00 36 e7 3c 90 28 00 00 44 00 00 00 00
 ff 05 a2 cc 01 00 01 74 00 00 8a 00 36 f1 2c 70 00 00 00 00 36 e7 3c 90 28 00 00 44 00 00 00 00
 ff 05 a2 cd 01 01 00 75 00 00 8a 00 36 f1 2c 70 00 00 00 00 36 e7 3c 90 28 00 00 44 00 00 00 00
 ff 05 a2 ce 01 02 00 77 00 00 8a 00 36 f1 2c 70 00 00 00 00 36 e7 3c 90 28 00 00 44 00 00 00 00
 ff 08 92 cf 03 51 01 fc bd 7e f4 00 36 f1 2c 70 00 00 00 00 36 e7 3c 90 28 00 00 44 00 00 00 00
 ff 08 92 d0 01 51 01 fc bd 7e f3 00 36 f1 2c 70 00 00 00 00 36 e7 3c 90 28 00 00 44 00 00 00 00
 ff 05 a2 d1 01 00 02 7a bd 7e f3 00 36 f1 2c 70 00 00 00 00 36 e7 3c 90 28 00 00 44 00 00 00 00
 ff 05 a2 d2 01 03 00 7c bd 7e f3 00 36 f1 2c 70 00 00 00 00 36 e7 3c 90 28 00 00 44 00 00 00 00
 ff 05 a2 d3 01 03 01 7e bd 7e f3 00 36 f1 2c 70 00 00 00 00 36 e7 3c 90 28 00 00 44 00 00 00 00
 ff 05 a2 d4 01 01 01 7d bd 7e f3 00 36 f1 2c 70 00 00 00 00 36 e7 3c 90 28 00 00 44 00 00 00 00
 ff 05 a2 d5 01 02 01 7f bd 7e f3 00 36 f1 2c 70 00 00 00 00 36 e7 3c 90 28 00 00 44 00 00 00 00
 ff 08 92 d6 03 51 01 00 00 00 c4 00 36 f1 2c 70 00 00 00 00 36 e7 3c 90 28 00 00 44 00 00 00 00
 ff 08 92 d7 01 51 01 00 00 00 c3 00 36 f1 2c 70 00 00 00 00 36 e7 3c 90 28 00 00 44 00 00 00 00
 ff 02 83 d8 5c 51 01 00 00 00 c3 00 36 f1 2c 70 00 00 00 00 36 e7 3c 90 28 00 00 44 00 00 00 00
 ff 08 92 d9 02 24 02 ff 5a 00 f3 00 36 f1 2c 70 00 00 00 00 36 e7 3c 90 28 00 00 44 00 00 00 00
 ff 02 a1 da 7c 24 02 ff 5a 00 f3 00 36 f1 2c 70 00 00 00 00 36 e7 3c 90 28 00 00 44 00 00 00 00
 ff 03 b4 db 00 91 02 ff 5a 00 f3 00 36 f1 2c 70 00 00 00 00 36 e7 3c 90 28 00 00 44 00 00 00 00
 ff 03 b4 dc 01 93 02 ff 5a 00 f3 00 36 f1 2c 70 00 00 00 00 36 e7 3c 90 28 00 00 44 00 00 00 00
 ff 08 92 dd 03 51 01 fc bd 7e 02 00 36 f1 2c 70 00 00 00 00 36 e7 3c 90 28 00 00 44 00 00 00 00
 ff 08 92 de 01 51 01 fc bd 7e 01 00 36 f1 2c 70 00 00 00 00 36 e7 3c 90 28 00 00 44 00 00 00 00
 ff 08 92 df 02 24 02 ff 00 00 9f 00 36 f1 2c 70 00 00 00 00 36 e7 3c 90 28 00 00 44 00 00 00 00
 ff 08 92 e0 03 51 01 00 00 00 ce 00 36 f1 2c 70 00 00 00 00 36 e7 3c 90 28 00 00 44 00 00 00 00
 ff 08 92 e1 01 51 01 00 00 00 cd 00 36 f1 2c 70 00 00 00 00 36 e7 3c 90 28 00 00 44 00 00 00 00
 ff 02 83 e2 66 51 01 00 00 00 cd 00 36 f1 2c 70 00 00 00 00 36 e7 3c 90 28 00 00 44 00 00 00 00
 ff 08 92 e3 03 51 01 fc bd 7e 08 00 36 f1 2c 70 00 00 00 00 36 e7 3c 90 28 00 00 44 00 00 00 00
 ff 08 92 e4 01 51 01 fc bd 7e 07 00 36 f1 2c 70 00 00 00 00 36 e7 3c 90 28 00 00 44 00 00 00 00
 ff 02 a1 e5 87 51 01 fc bd 7e 07 00 36 f1 2c 70 00 00 00 00 36 e7 3c 90 28 00 00 44 00 00 00 00
 ff 03 b4 e6 00 9c 01 fc bd 7e 07 00 36 f1 2c 70 00 00 00 00 36 e7 3c 90 28 00 00 44 00 00 00 00
 ff 03 b4 e7 01 9e 01 fc bd 7e 07 00 36 f1 2c 70 00 00 00 00 36 e7 3c 90 28 00 00 44 00 00 00 00
 ff 08 92 e8 02 24 02 ff 5a 00 02 00 36 f1 2c 70 00 00 00 00 36 e7 3c 90 28 00 00 44 00 00 00 00
 ff 08 92 e9 03 51 01 00 00 00 d7 00 36 f1 2c 70 00 00 00 00 36 e7 3c 90 28 00 00 44 00 00 00 00
 ff 08 92 ea 01 51 01 00 00 00 d6 00 36 f1 2c 70 00 00 00 00 36 e7 3c 90 28 00 00 44 00 00 00 00
 ff 02 83 eb 6f 51 01 00 00 00 d6 00 36 f1 2c 70 00 00 00 00 36 e7 3c 90 28 00 00 44 00 00 00 00
 ff 08 92 ec 02 24 02 ff 00 00 ac 00 36 f1 2c 70 00 00 00 00 36 e7 3c 90 28 00 00 44 00 00 00 00
 ff 08 92 ed 03 51 01 fc bd 7e 12 00 36 f1 2c 70 00 00 00 00 36 e7 3c 90 28 00 00 44 00 00 00 00
 ff 08 92 ee 01 51 01 fc bd 7e 11 00 36 f1 2c 70 00 00 00 00 36 e7 3c 90 28 00 00 44 00 00 00 00
 ff 02 a1 ef 91 51 01 fc bd 7e 11 00 36 f1 2c 70 00 00 00 00 36 e7 3c 90 28 00 00 44 00 00 00 00
 ff 03 b4 f0 00 a6 01 fc bd 7e 11 00 36 f1 2c 70 00 00 00 00 36 e7 3c 90 28 00 00 44 00 00 00 00
 ff 03 b4 f1 01 a8 01 fc bd 7e 11 00 36 f1 2c 70 00 00 00 00 36 e7 3c 90 28 00 00 44 00 00 00 00
 ff 08 92 f2 03 51 01 00 00 00 e0 00 36 f1 2c 70 00 00 00 00 36 e7 3c 90 28 00 00 44 00 00 00 00
 ff 08 92 f3 01 51 01 00 00 00 df 00 36 f1 2c 70 00 00 00 00 36 e7 3c 90 28 00 00 44 00 00 00 00
 ff 08 92 f4 02 24 02 ff 5a 00 0e 00 36 f1 2c 70 00 00 00 00 36 e7 3c 90 28 00 00 44 00 00 00 00
 ff 08 92 f5 03 51 01 fc bd 7e 1a 00 36 f1 2c 70 00 00 00 00 36 e7 3c 90 28 00 00 44 00 00 00 00
 ff 08 92 f6 01 51 01 fc bd 7e 19 00 36 f1 2c 70 00 00 00 00 36 e7 3c 90 28 00 00 44 00 00 00 00
 ff 02 83 f7 7b 51 01 fc bd 7e 19 00 36 f1 2c 70 00 00 00 00 36 e7 3c 90 28 00 00 44 00 00 00 00
 ff 02 a1 f8 9a 51 01 fc bd 7e 19 00 36 f1 2c 70 00 00 00 00 36 e7 3c 90 28 00 00 44 00 00 00 00
 ff 03 b4 f9 00 af 01 fc bd 7e 19 00 36 f1 2c 70 00 00 00 00 36 e7 3c 90 28 00 00 44 00 00 00 00
 ff 03 b4 fa 01 b1 01 fc bd 7e 19 00 36 f1 2c 70 00 00 00 00 36 e7 3c 90 28 00 00 44 00 00 00 00
 ff 08 92 fb 03 51 01 00 00 00 e9 00 36 f1 2c 70 00 00 00 00 36 e7 3c 90 28 00 00 44 00 00 00 00
 ff 08 92 fc 01 51 01 00 00 00 e8 00 36 f1 2c 70 00 00 00 00 36 e7 3c 90 28 00 00 44 00 00 00 00
 ff 08 92 fd 02 24 02 ff 00 00 bd 00 36 f1 2c 70 00 00 00 00 36 e7 3c 90 28 00 00 44 00 00 00 00
 ff 08 92 fe 03 51 01 fc bd 7e 23 00 36 f1 2c 70 00 00 00 00 36 e7 3c 90 00 00 00 00 00 00 00 00
 ff 08 92 ff 01 51 01 fc bd 7e 22 00 36 f1 2c 70 00 00 00 00 36 e7 3c 90 00 00 00 00 00 00 00 00
 ff 02 83 00 84 51 01 fc bd 7e 22 00 36 f1 2c 70 00 00 00 00 36 e7 3c 90 00 00 00 00 00 00 00 00
 ff 08 92 01 02 24 02 ff 5a 00 1b 00 36 f1 2c 70 00 00 00 00 36 e7 3c 90 28 00 00 44 00 00 00 00
 ff 08 92 02 03 51 01 00 00 00 f0 00 36 f1 2c 70 00 00 00 00 36 e7 3c 90 28 00 00 44 00 00 00 00
 ff 08 92 03 01 51 01 00 00 00 ef 00 36 f1 2c 70 00 00 00 00 36 e7 3c 90 28 00 00 44 00 00 00 00
 ff 02 a1 04 a6 51 01 00 00 00 ef 00 36 f1 2c 70 00 00 00 00 36 e7 3c 90 28 00 00 44 00 00 00 00
 ff 03 b4 05 00 bb 01 00 00 00 ef 00 36 f1 2c 70 00 00 00 00 36 e7 3c 90 28 00 00 44 00 00 00 00
 ff 08 92 06 03 51 01 fc bd 7e 2b 00 36 f1 2c 70 00 00 00 00 36 e7 3c 90 28 00 00 44 00 00 00 00
 ff 08 92 07 01 51 01 fc bd 7e 2a 00 36 f1 2c 70 00 00 00 00 36 e7 3c 90 28 00 00 44 00 00 00 00
 ff 08 92 08 02 24 02 ff 00 00 c8 00 36 f1 2c 70 00 00 00 00 36 e7 3c 90 28 00 00 44 00 00 00 00
 ff 02 83 09 8d 24 02 ff 00 00 c8 00 36 f1 2c 70 00 00 00 00 36 e7 3c 90 28 00 00 44 00 00 00 00
 ff 08 92 0a 03 51 01 00 00 00 f8 00 36 f1 2c 70 00 00 00 00 36 e7 3c 90 28 00 00 44 00 00 00 00
 ff 08 92 0b 01 51 01 00 00 00 f7 00 36 f1 2c 70 00 00 00 00 36 e7 3c 90 28 00 00 44 00 00 00 00
 ff 02 a1 0c ae 51 01 00 00 00 f7 00 36 f1 2c 70 00 00 00 00 36 e7 3c 90 28 00 00 44 00 00 00 00
 ff 03 b4 0d 00 c3 01 00 00 00 f7 00 36 f1 2c 70 00 00 00 00 36 e7 3c 90 28 00 00 44 00 00 00 00
 ff 08 92 0e 02 24 02 ff 5a 00 28 00 36 f1 2c 70 00 00 00 00 36 e7 3c 90 28 00 00 44 00 00 00 00
 ff 08 92 0f 03 51 01 fc bd 7e 34 00 36 f1 2c 70 00 00 00 00 36 e7 3c 90 28 00 00 44 00 00 00 00
 ff 08 92 10 01 51 01 fc bd 7e 33 00 36 f1 2c 70 00 00 00 00 36 e7 3c 90 28 00 00 44 00 00 00 00
 ff 02 83 11 95 51 01 fc bd 7e 33 00 36 f1 2c 70 00 00 00 00 36 e7 3c 90 28 00 00 44 00 00 00 00
 ff 08 92 12 03 51 01 00 00 00 00 00 36 f1 2c 70 00 00 00 00 36 e7 3c 90 28 00 00 44 00 00 00 00
 ff 08 92 13 01 51 01 00 00 00 ff 00 36 f1 2c 70 00 00 00 00 36 e7 3c 90 28 00 00 44 00 00 00 00
 ff 08 92 14 02 24 02 ff 00 00 d4 00 36 f1 2c 70 00 00 00 00 36 e7 3c 90 28 00 00 44 00 00 00 00
 ff 02 a1 15 b7 24 02 ff 00 00 d4 00 36 f1 2c 70 00 00 00 00 36 e7 3c 90 28 00 00 44 00 00 00 00
 ff 03 b4 16 00 cc 02 ff 00 00 d4 00 36 f1 2c 70 00 00 00 00 36 e7 3c 90 28 00 00 44 00 00 00 00
 ff 08 92 17 03 51 01 fc bd 7e 3c 00 36 f1 2c 70 00 00 00 00 36 e7 3c 90 28 00 00 44 00 00 00 00
 ff 08 92 18 01 51 01 fc bd 7e 3b 00 36 f1 2c 70 00 00 00 00 36 e7 3c 90 28 00 00 44 00 00 00 00
 ff 08 92 19 02 24 02 ff 5a 00 33 00 36 f1 2c 70 00 00 00 00 36 e7 3c 90 28 00 00 44 00 00 00 00
 ff 08 92 1a 03 51 01 00 00 00 08 00 36 f1 2c 70 00 00 00 00 36 e7 3c 90 00 00 00 00 00 00 00 00
 ff 08 92 1b 01 51 01 00 00 00 07 00 36 f1 2c 70 00 00 00 00 36 e7 3c 90 00 00 00 00 00 00 00 00
 ff 02 83 1c a0 51 01 00 00 00 07 00 36 f1 2c 70 00 00 00 00 36 e7 3c 90 00 00 00 00 00 00 00 00
 ff 02 a1 1d bf 51 01 00 00 00 07 00 36 f1 2c 70 00 00 00 00 36 e7 3c 90 00 00 00 00 00 00 00 00
 ff 03 b4 1e 00 d4 01 00 00 00 07 00 36 f1 2c 70 00 00 00 00 36 e7 3c 90 00 00 00 00 00 00 00 00
 ff 08 92 1f 03 51 01 fc bd 7e 44 00 36 f1 2c 70 00 00 00 00 36 e7 3c 90 28 00 00 44 00 00 00 00
 ff 08 92 20 01 51 01 fc bd 7e 43 00 36 f1 2c 70 00 00 00 00 36 e7 3c 90 28 00 00 44 00 00 00 00
 ff 08 92 21 02 24 02 ff 00 00 e1 00 36 f1 2c 70 00 00 00 00 36 e7 3c 90 28 00 00 44 00 00 00 00
 ff 08 92 22 03 51 01 00 00 00 10 00 36 f1 2c 70 00 00 00 00 36 e7 3c 90 28 00 00 44 00 00 00 00
 ff 08 92 23 01 51 01 00 00 00 0f 00 36 f1 2c 70 00 00 00 00 36 e7 3c 90 28 00 00 44 00 00 00 00
 ff 02 83 24 a8 51 01 00 00 00 0f 00 36 f1 2c 70 00 00 00 00 36 e7 3c 90 28 00 00 44 00 00 00 00
 ff 08 92 25 02 24 02 ff 5a 00 3f 00 36 f1 2c 70 00 00 00 00 36 e7 3c 90 28 00 00 44 00 00 00 00
 ff 15 a3 26 00 01 00 8c 99 8d fb 11 95 3e bb 1e c2 a2 15 cc 39 f6 1e da 28 00 00 44 00 00 00 00
 ff 08 92 27 03 51 01 fc bd 7e 4c 00 36 f1 2c 70 00 00 00 00 36 e7 3c 90 28 00 00 44 00 00 00 00
 ff 08 92 28 01 51 01 fc bd 7e 4b 00 36 f1 2c 70 00 00 00 00 36 e7 3c 90 28 00 00 44 00 00 00 00
 ff 02 a1 29 cb 51 01 fc bd 7e 4b 00 36 f1 2c 70 00 00 00 00 36 e7 3c 90 28 00 00 44 00 00 00 00
 ff 03 b4 2a 00 e0 01 fc bd 7e 4b 00 36 f1 2c 70 00 00 00 00 36 e7 3c 90 28 00 00 44 00 00 00 00
 ff 08 92 2b 03 51 01 00 00 00 19 00 36 f1 2c 70 00 00 00 00 36 e7 3c 90 28 00 00 44 00 00 00 00
 ff 08 92 2c 01 51 01 00 00 00 18 00 36 f1 2c 70 00 00 00 00 36 e7 3c 90 28 00 00 44 00 00 00 00
 ff 08 92 2d 02 24 02 ff 00 00 ed 00 36 f1 2c 70 00 00 00 00 36 e7 3c 90 28 00 00 44 00 00 00 00
 ff 02 83 2e b2 24 02 ff 00 00 ed 00 36 f1 2c 70 00 00 00 00 36 e7 3c 90 28 00 00 44 00 00 00 00
 ff 08 92 2f 03 51 01 fc bd 7e 54 00 36 f1 2c 70 00 00 00 00 36 e7 3c 90 28 00 00 44 00 00 00 00
 ff 08 92 30 01 51 01 fc bd 7e 53 00 36 f1 2c 70 00 00 00 00 36 e7 3c 90 28 00 00 44 00 00 00 00
 ff 02 a1 31 d3 51 01 fc bd 7e 53 00 36 f1 2c 70 00 00 00 00 36 e7 3c 90 28 00 00 44 00 00 00 00
 ff 03 b4 32 00 e8 01 fc bd 7e 53 00 36 f1 2c 70 00 00 00 00 36 e7 3c 90 28 00 00 44 00 00 00 00
 ff 08 92 33 02 24 02 ff 5a 00 4d 00 36 f1 2c 70 00 00 00 00 36 e7 3c 90 00 00 00 00 00 00 00 00
 ff 08 92 34 03 51 01 00 00 00 22 00 36 f1 2c 70 00 00 00 00 36 e7 3c 90 00 00 00 00 00 00 00 00
 ff 08 92 35 01 51 01 00 00 00 21 00 36 f1 2c 70 00 00 00 00 36 e7 3c 90 00 00 00 00 00 00 00 00
 ff 02 83 36 ba 51 01 00 00 00 21 00 36 f1 2c 70 00 00 00 00 36 e7 3c 90 00 00 00 00 00 00 00 00
 ff 08 92 37 03 51 01 fc bd 7e 5c 00 36 f1 2c 70 00 00 00 00 36 e7 3c 90 00 00 00 00 00 00 00 00
 ff 08 92 38 01 51 01 fc bd 7e 5b 00 36 f1 2c 70 00 00 00 00 36 e7 3c 90 00 00 00 00 00 00 00 00
 ff 08 92 39 02 24 02 ff 00 00 f9 00 36 f1 2c 70 00 00 00 00 36 e7 3c 90 28 00 00 44 00 00 00 00
 ff 02 a1 3a dc 24 02 ff 00 00 f9 00 36 f1 2c 70 00 00 00 00 36 e7 3c 90 28 00 00 44 00 00 00 00
 ff 03 b4 3b 00 f1 02 ff 00 00 f9 00 36 f1 2c 70 00 00 00 00 36 e7 3c 90 28 00 00 44 00 00 00 00
 ff 08 92 3c 03 51 01 00 00 00 2a 00 36 f1 2c 70 00 00 00 00 36 e7 3c 90 28 00 00 44 00 00 00 00
 ff 08 92 3d 01 51 01 00 00 00 29 00 36 f1 2c 70 00 00 00 00 36 e7 3c 90 28 00 00 44 00 00 00 00
 ff 08 92 3e 03 51 01 fc bd 7e 63 00 36 f1 2c 70 00 00 00 00 36 e7 3c 90 28 00 00 44 00 00 00 00
 ff 08 92 3f 01 51 01 fc bd 7e 62 00 36 f1 2c 70 00 00 00 00 36 e7 3c 90 28 00 00 44 00 00 00 00
 ff 08 92 40 02 24 02 ff 5a 00 5a 00 36 f1 2c 70 00 00 00 00 36 e7 3c 90 28 00 00 44 00 00 00 00
 ff 02 83 41 c5 24 02 ff 5a 00 5a 00 36 f1 2c 70 00 00 00 00 36 e7 3c 90 28 00 00 44 00 00 00 00
 ff 08 92 42 03 51 01 00 00 00 30 00 36 f1 2c 70 00 00 00 00 36 e7 3c 90 00 00 00 00 00 00 00 00
 ff 08 92 43 01 51 01 00 00 00 2f 00 36 f1 2c 70 00 00 00 00 36 e7 3c 90 00 00 00 00 00 00 00 00
 ff 02 a1 44 e6 51 01 00 00 00 2f 00 36 f1 2c 70 00 00 00 00 36 e7 3c 90 00 00 00 00 00 00 00 00
 ff 03 b4 45 00 fb 01 00 00 00 2f 00 36 f1 2c 70 00 00 00 00 36 e7 3c 90 00 00 00 00 00 00 00 00
 ff 08 92 46 02 24 02 ff 00 00 06 00 36 f1 2c 70 00 00 00 00 36 e7 3c 90 00 00 00 00 00 00 00 00
 ff 08 92 47 03 51 01 fc bd 7e 6c 00 36 f1 2c 70 00 00 00 00 36 e7 3c 90 28 00 00 44 00 00 00 00
 ff 08 92 48 01 51 01 fc bd 7e 6b 00 36 f1 2c 70 00 00 00 00 36 e7 3c 90 28 00 00 44 00 00 00 00
 ff 02 83 49 cd 51 01 fc bd 7e 6b 00 36 f1 2c 70 00 00 00 00 36 e7 3c 90 28 00 00 44 00 00 00 00
 ff 08 92 4a 03 51 01 00 00 00 38 00 36 f1 2c 70 00 00 00 00 36 e7 3c 90 28 00 00 44 00 00 00 00
 ff 08 92 4b 01 51 01 00 00 00 37 00 36 f1 2c 70 00 00 00 00 36 e7 3c 90 28 00 00 44 00 00 00 00
 ff 08 92 4c 02 24 02 ff 5a 00 66 00 36 f1 2c 70 00 00 00 00 36 e7 3c 90 28 00 00 44 00 00 00 00
 ff 02 a1 4d ef 24 02 ff 5a 00 66 00 36 f1 2c 70 00 00 00 00 36 e7 3c 90 28 00 00 44 00 00 00 00
 ff 03 b4 4e 00 04 02 ff 5a 00 66 00 36 f1 2c 70 00 00 00 00 36 e7 3c 90 28 00 00 44 00 00 00 00
 ff 08 92 4f 03 51 01 fc bd 7e 74 00 36 f1 2c 70 00 00 00 00 36 e7 3c 90 00 00 00 00 00 00 00 00
 ff 08 92 50 01 51 01 fc bd 7e 73 00 36 f1 2c 70 00 00 00 00 36 e7 3c 90 00 00 00 00 00 00 00 00
 ff 02 83 51 d5 51 01 fc bd 7e 73 00 36 f1 2c 70 00 00 00 00 36 e7 3c 90 00 00 00 00 00 00 00 00
 ff 08 92 52 02 24 02 ff 00 00 12 00 36 f1 2c 70 00 00 00 00 36 e7 3c 90 28 00 00 44 00 00 00 00
 ff 08 92 53 03 51 01 00 00 00 41 00 36 f1 2c 70 00 00 00 00 36 e7 3c 90 28 00 00 44 00 00 00 00
 ff 08 92 54 01 51 01 00 00 00 40 00 36 f1 2c 70 00 00 00 00 36 e7 3c 90 28 00 00 44 00 00 00 00
 ff 02 a1 55 f7 51 01 00 00 00 40 00 36 f1 2c 70 00 00 00 00 36 e7 3c 90 28 00 00 44 00 00 00 00
 ff 03 b4 56 00 0c 01 00 00 00 40 00 36 f1 2c 70 00 00 00 00 36 e7 3c 90 28 00 00 44 00 00 00 00
 ff 08 92 57 03 51 01 fc bd 7e 7c 00 36 f1 2c 70 00 00 00 00 36 e7 3c 90 28 00 00 44 00 00 00 00
 ff 08 92 58 01 51 01 fc bd 7e 7b 00 36 f1 2c 70 00 00 00 00 36 e7 3c 90 28 00 00 44 00 00 00 00
 ff 08 92 59 02 24 02 ff 5a 00 73 00 36 f1 2c 70 00 00 00 00 36 e7 3c 90 28 00 00 44 00 00 00 00
 ff 02 83 5a de 24 02 ff 5a 00 73 00 36 f1 2c 70 00 00 00 00 36 e7 3c 90 28 00 00 44 00 00 00 00
 ff 08 92 5b 03 51 01 00 00 00 49 00 36 f1 2c 70 00 00 00 00 36 e7 3c 90 00 00 00 00 00 00 00 00
 ff 08 92 5c 01 51 01 00 00 00 48 00 36 f1 2c 70 00 00 00 00 36 e7 3c 90 00 00 00 00 00 00 00 00
 ff 08 92 5d 02 24 02 ff 00 00 1d 00 36 f1 2c 70 00 00 00 00 36 e7 3c 90 00 00 00 00 00 00 00 00
 ff 08 92 5e 03 51 01 fc bd 7e 83 00 36 f1 2c 70 00 00 00 00 36 e7 3c 90 00 00 00 00 00 00 00 00
 ff 08 92 5f 01 51 01 fc bd 7e 82 00 36 f1 2c 70 00 00 00 00 36 e7 3c 90 00 00 00 00 00 00 00 00
 ff 02 a1 60 02 51 01 fc bd 7e 82 00 36 f1 2c 70 00 00 00 00 36 e7 3c 90 00 00 00 00 00 00 00 00
 ff 03 b4 61 00 17 01 fc bd 7e 82 00 36 f1 2c 70 00 00 00 00 36 e7 3c 90 00 00 00 00 00 00 00 00
 ff 08 92 62 03 51 01 00 00 00 50 00 36 f1 2c 70 00 00 00 00 36 e7 3c 90 28 00 00 44 00 00 00 00
 ff 08 92 63 01 51 01 00 00 00 4f 00 36 f1 2c 70 00 00 00 00 36 e7 3c 90 28 00 00 44 00 00 00 00
 ff 02 83 64 e8 51 01 00 00 00 4f 00 36 f1 2c 70 00 00 00 00 36 e7 3c 90 28 00 00 44 00 00 00 00
 ff 08 92 65 02 24 02 ff 5a 00 7f 00 36 f1 2c 70 00 00 00 00 36 e7 3c 90 28 00 00 44 00 00 00 00
 ff 08 92 66 03 51 01 fc bd 7e 8b 00 36 f1 2c 70 00 00 00 00 36 e7 3c 90 28 00 00 44 00 00 00 00
 ff 08 92 67 01 51 01 fc bd 7e 8a 00 36 f1 2c 70 00 00 00 00 36 e7 3c 90 28 00 00 44 00 00 00 00
 ff 02 a1 68 0a 51 01 fc bd 7e 8a 00 36 f1 2c 70 00 00 00 00 36 e7 3c 90 28 00 00 44 00 00 00 00
 ff 03 b4 69 00 1f 01 fc bd 7e 8a 00 36 f1 2c 70 00 00 00 00 36 e7 3c 90 28 00 00 44 00 00 00 00
 ff 08 92 6a 02 24 02 ff 00 00 2a 00 36 f1 2c 70 00 00 00 00 36 e7 3c 90 28 00 00 44 00 00 00 00
 ff 08 92 6b 03 51 01 00 00 00 59 00 36 f1 2c 70 00 00 00 00 36 e7 3c 90 00 00 00 00 00 00 00 00
 ff 08 92 6c 01 51 01 00 00 00 58 00 36 f1 2c 70 00 00 00 00 36 e7 3c 90 00 00 00 00 00 00 00 00
 ff 02 83 6d f1 51 01 00 00 00 58 00 36 f1 2c 70 00 00 00 00 36 e7 3c 90 00 00 00 00 00 00 00 00
 ff 08 92 6e 03 51 01 fc bd 7e 93 00 36 f1 2c 70 00 00 00 00 36 e7 3c 90 28 00 00 44 00 00 00 00
 ff 08 92 6f 01 51 01 fc bd 7e 92 00 36 f1 2c 70 00 00 00 00 36 e7 3c 90 28 00 00 44 00 00 00 00
 ff 08 92 70 02 24 02 ff 5a 00 8a 00 36 f1 2c 70 00 00 00 00 36 e7 3c 90 28 00 00 44 00 00 00 00
 ff 02 a1 71 13 24 02 ff 5a 00 8a 00 36 f1 2c 70 00 00 00 00 36 e7 3c 90 28 00 00 44 00 00 00 00
 ff 03 b4 72 00 28 02 ff 5a 00 8a 00 36 f1 2c 70 00 00 00 00 36 e7 3c 90 28 00 00 44 00 00 00 00
 ff 08 92 73 03 51 01 00 00 00 61 00 36 f1 2c 70 00 00 00 00 36 e7 3c 90 28 00 00 44 00 00 00 00
 ff 08 92 74 01 51 01 00 00 00 60 00 36 f1 2c 70 00 00 00 00 36 e7 3c 90 28 00 00 44 00 00 00 00
 ff 02 83 75 f9 51 01 00 00 00 60 00 36 f1 2c 70 00 00 00 00 36 e7 3c 90 28 00 00 44 00 00 00 00
 ff 08 92 76 02 24 02 ff 00 00 36 00 36 f1 2c 70 00 00 00 00 36 e7 3c 90 28 00 00 44 00 00 00 00
 ff 08 92 77 03 51 01 fc bd 7e 9c 00 36 f1 2c 70 00 00 00 00 36 e7 3c 90 28 00 00 44 00 00 00 00
 ff 08 92 78 01 51 01 fc bd 7e 9b 00 36 f1 2c 70 00 00 00 00 36 e7 3c 90 28 00 00 44 00 00 00 00
 ff 02 a1 79 1b 51 01 fc bd 7e 9b 00 36 f1 2c 70 00 00 00 00 36 e7 3c 90 28 00 00 44 00 00 00 00
 ff 03 b4 7a 00 30 01 fc bd 7e 9b 00 36 f1 2c 70 00 00 00 00 36 e7 3c 90 28 00 00 44 00 00 00 00
 ff 08 92 7b 03 51 01 00 00 00 69 00 36 f1 2c 70 00 00 00 00 36 e7 3c 90 00 00 00 00 00 00 00 00
 ff 08 92 7c 01 51 01 00 00 00 68 00 36 f1 2c 70 00 00 00 00 36 e7 3c 90 00 00 00 00 00 00 00 00
 ff 08 92 7d 02 24 02 ff 5a 00 97 00 36 f1 2c 70 00 00 00 00 36 e7 3c 90 28 00 00 44 00 00 00 00
 ff 02 83 7e 02 24 02 ff 5a 00 97 00 36 f1 2c 70 00 00 00 00 36 e7 3c 90 28 00 00 44 00 00 00 00
 ff 08 92 7f 03 51 01 fc bd 7e a4 00 36 f1 2c 70 00 00 00 00 36 e7 3c 90 00 00 00 00 00 00 00 00
 ff 08 92 80 01 51 01 fc bd 7e a3 00 36 f1 2c 70 00 00 00 00 36 e7 3c 90 00 00 00 00 00 00 00 00
 ff 08 92 81 03 51 01 00 00 00 6f 00 36 f1 2c 70 00 00 00 00 36 e7 3c 90 00 00 00 00 00 00 00 00
 ff 08 92 82 01 51 01 00 00 00 6e 00 36 f1 2c 70 00 00 00 00 36 e7 3c 90 00 00 00 00 00 00 00 00
 ff 08 92 83 02 24 02 ff 00 00 43 00 36 f1 2c 70 00 00 00 00 36 e7 3c 90 28 00 00 44 00 00 00 00
 ff 02 a1 84 26 24 02 ff 00 00 43 00 36 f1 2c 70 00 00 00 00 36 e7 3c 90 28 00 00 44 00 00 00 00
 ff 03 b4 85 00 3b 02 ff 00 00 43 00 36 f1 2c 70 00 00 00 00 36 e7 3c 90 28 00 00 44 00 00 00 00
 ff 08 92 86 03 51 01 fc bd 7e ab 00 36 f1 2c 70 00 00 00 00 36 e7 3c 90 28 00 00 44 00 00 00 00
 ff 08 92 87 01 51 01 fc bd 7e aa 00 36 f1 2c 70 00 00 00 00 36 e7 3c 90 28 00 00 44 00 00 00 00
 ff 02 83 88 0c 51 01 fc bd 7e aa 00 36 f1 2c 70 00 00 00 00 36 e7 3c 90 28 00 00 44 00 00 00 00
 ff 08 92 89 02 24 02 ff 5a 00 a3 00 36 f1 2c 70 00 00 00 00 36 e7 3c 90 28 00 00 44 00 00 00 00
 ff 08 92 8a 03 51 01 00 00 00 78 00 36 f1 2c 70 00 00 00 00 36 e7 3c 90 28 00 00 44 00 00 00 00
 ff 08 92 8b 01 51 01 00 00 00 77 00 36 f1 2c 70 00 00 00 00 36 e7 3c 90 28 00 00 44 00 00 00 00
 ff 02 a1 8c 2e 51 01 00 00 00 77 00 36 f1 2c 70 00 00 00 00 36 e7 3c 90 28 00 00 44 00 00 00 00
 ff 03 b4 8d 00 43 01 00 00 00 77 00 36 f1 2c 70 00 00 00 00 36 e7 3c 90 28 00 00 44 00 00 00 00
