 ff 11 80 00 28 63 29 20 44 69 73 6e 65 79 20 32 30 31 33 b6 30 6f cb 40 30 6a 44 20 30 5c 6f 00
 ff 03 b5 01 ff b7 29 20 44 69 73 6e 65 79 20 32 30 31 33 b6 30 6f cb 40 30 6a 44 20 30 5c 6f 00
 ff 08 92 02 02 51 01 00 00 00 ef 00 02 2a 32 80 00 00 00 00 36 e7 3c 90 24 00 00 44 00 00 00 00
 ff 08 92 03 01 51 01 00 00 00 ef 00 02 2a 32 80 00 00 00 00 36 e7 3c 90 24 00 00 44 00 00 00 00
 ff 03 b5 04 01 bc 01 00 00 00 ef 00 02 2a 32 80 00 00 00 00 36 e7 3c 90 24 00 00 44 00 00 00 00
 ff 0a 81 05 57 46 b1 85 91 a9 5d 48 41 2a 32 80 00 00 00 00 36 e7 3c 90 24 00 00 44 00 00 00 00
 ff 02 83 06 8a 46 b1 85 91 a9 5d 48 41 2a 32 80 00 00 00 00 36 e7 3c 90 24 00 00 44 00 00 00 00
 ff 02 a1 07 a9 46 b1 85 91 a9 5d 48 41 2a 32 80 00 00 00 00 36 e7 3c 90 24 00 00 44 00 00 00 00
 ff 06 90 08 03 00 00 00 a0 00 00 00 02 2a 32 80 00 00 00 00 36 e7 3c 90 00 00 00 00 00 00 00 00
 ff 08 92 09 02 51 01 fc bd 7e 2d 00 02 2a 32 80 00 00 00 00 36 e7 3c 90 00 00 00 00 00 00 00 00
 ff 08 92 0a 01 51 01 fc bd 7e 2d 00 02 2a 32 80 00 00 00 00 36 e7 3c 90 00 00 00 00 00 00 00 00
 ff 08 92 0b 02 51 01 00 00 00 f8 00 02 2a 32 80 00 00 00 00 36 e7 3c 90 24 00 00 44 00 00 00 00
 ff 08 92 0c 01 51 01 00 00 00 f8 00 02 2a 32 80 00 00 00 00 36 e7 3c 90 24 00 00 44 00 00 00 00
 ff 08 92 0d 02 51 01 fc bd 7e 31 00 02 2a 32 80 00 00 00 00 36 e7 3c 90 24 00 00 44 00 00 00 00
 ff 08 92 0e 01 51 01 fc bd 7e 31 00 02 2a 32 80 00 00 00 00 36 e7 3c 90 24 00 00 44 00 00 00 00
 ff 02 83 0f 93 51 01 fc bd 7e 31 00 02 2a 32 80 00 00 00 00 36 e7 3c 90 24 00 00 44 00 00 00 00
 ff 02 a1 10 b2 51 01 fc bd 7e 31 00 02 2a 32 80 00 00 00 00 36 e7 3c 90 24 00 00 44 00 00 00 00
 ff 08 92 11 02 51 01 00 00 00 fe 00 02 2a 32 80 00 00 00 00 36 e7 3c 90 00 00 00 00 00 00 00 00
 ff 08 92 12 01 51 01 00 00 00 fe 00 02 2a 32 80 00 00 00 00 36 e7 3c 90 00 00 00 00 00 00 00 00
 ff 08 92 13 02 51 01 fc bd 7e 37 00 02 2a 32 80 00 00 00 00 36 e7 3c 90 24 00 00 44 00 00 00 00
 ff 08 92 14 01 51 01 fc bd 7e 37 00 02 2a 32 80 00 00 00 00 36 e7 3c 90 24 00 00 44 00 00 00 00
 ff 02 83 15 99 51 01 fc bd 7e 37 00 02 2a 32 80 00 00 00 00 36 e7 3c 90 24 00 00 44 00 00 00 00
 ff 02 a1 16 b8 51 01 fc bd 7e 37 00 02 2a 32 80 00 00 00 00 36 e7 3c 90 24 00 00 44 00 00 00 00
 ff 08 92 17 02 51 01 00 00 00 04 00 02 2a 32 80 00 00 00 00 36 e7 3c 90 24 00 00 44 00 00 00 00
 ff 08 92 18 01 51 01 00 00 00 04 00 02 2a 32 80 00 00 00 00 36 e7 3c 90 24 00 00 44 00 00 00 00
