ff 08 92 43 03 51 01 fc bd 7e 68 00 36 f1 2c 70 00 00 00 00 36 e7 3c 90 28 00 00 44 00 00 00 00
ff 08 92 4c 03 51 01 fc bd 7e 71 00 36 f1 2c 70 00 00 00 00 36 e7 3c 90 28 00 00 44 00 00 00 00
ff 08 92 52 03 51 01 fc bd 7e 77 00 36 f1 2c 70 00 00 00 00 36 e7 3c 90 28 00 00 44 00 00 00 00

ff 08 92 44 01 51 01 fc bd 7e 67 00 36 f1 2c 70 00 00 00 00 36 e7 3c 90 28 00 00 44 00 00 00 00
ff 08 92 4d 01 51 01 fc bd 7e 70 00 36 f1 2c 70 00 00 00 00 36 e7 3c 90 28 00 00 44 00 00 00 00
ff 08 92 53 01 51 01 fc bd 7e 76 00 36 f1 2c 70 00 00 00 00 36 e7 3c 90 28 00 00 44 00 00 00 00




ff 09 93 07 02 02 02 06 ff 00 00 ad 36 f1 2c 70 00 00 00 00 36 e7 3c 90 28 00 00 44 00 00 00 00
ff 09 93 09 02 02 02 06 ff 00 00 af 36 f1 2c 70 00 00 00 00 36 e7 3c 90 28 00 00 44 00 00 00 00


ff 06 90 41 02 00 00 00 d8 00 00 00 36 f1 2c 70 00 00 00 00 36 e7 3c 90 00 00 00 00 00 00 00 00