SIGRTMIN: 34
CP: Vector Plugins
CP: Pointer PacketFilter_StreamLog::file
CP: String DeviceProxy = DeviceProxy_LibUSB
CP: String HostProxy = HostProxy_GadgetFS
Loading plugins from /usr/local/lib/USBProxy/
vendorId=ffffffff
productId=ffffffff
cleaning up /tmp
removing 1
Made directory /tmp/gadget-YLgjuT for gadget
Printing Config data
	Strings: 2
		DeviceProxy: DeviceProxy_LibUSB
		HostProxy: HostProxy_GadgetFS
	Vectors: 1
		Plugins:
			PacketFilter_StreamLog
Pointer: 1
		PacketFilter_StreamLog::file: 0xb6e09540
Made directory /tmp/mqueue-6niubG for mqueue
cleaning up /tmp/mqueue-6niubG
removing 4
searching in [/tmp/gadget-YLgjuT]
Starting setup writer thread (2202) for EP00.
Starting setup reader thread (2201) for EP00.
[00 09 01 00 00 00 00 00]
Opened EP81
Opened EP01
Starting writer thread (2207) for EP01.
[01 0b 00 00 00 00 00 00]
Starting reader thread (2206) for EP01.
Starting writer thread (2205) for EP81.
Starting reader thread (2204) for EP81.
01[32]: ff 11 80 00 28 63 29 20 44 69 73 6e 65 79 20 32 30 31 33 b6 30 6f cc 80 30 6a 44 20 30 5c 6f 00
81[32]: aa 15 00 00 0f 01 00 03 02 09 09 43 24 49 26 33 31 4b 42 48 fe 48 5d 98 00 00 00 00 00 00 00 00
01[32]: ff 03 b5 01 ff b7 29 20 44 69 73 6e 65 79 20 32 30 31 33 b6 30 6f cc 80 30 6a 44 20 30 5c 6f 00
81[32]: aa 01 01 ac 00 00 00 00 00 00 00 00 00 00 00 00 00 00 00 00 00 00 00 00 00 00 00 00 00 00 00 00
01[32]: ff 03 b5 02 01 ba 29 20 44 69 73 6e 65 79 20 32 30 31 33 b6 30 6f cc 80 30 6a 44 20 30 5c 6f 00
81[32]: aa 01 02 ad 00 00 00 00 00 00 00 00 00 00 00 00 00 00 00 00 00 00 00 00 00 00 00 00 00 00 00 00
01[32]: ff 0a 81 03 85 f2 32 83 c3 86 2c 46 74 79 20 32 30 31 33 b6 30 6f cc 80 30 6a 44 20 30 5c 6f 00
01[32]: ff 02 83 04 88 f2 32 83 c3 86 2c 46 74 79 20 32 30 31 33 b6 30 6f cc 80 30 6a 44 20 30 5c 6f 00
81[32]: aa 01 03 ae 00 00 00 00 00 00 00 00 00 00 00 00 00 00 00 00 00 00 00 00 00 00 00 00 00 00 00 00
01[32]: ff 02 a1 05 a7 f2 32 83 c3 86 2c 46 74 79 20 32 30 31 33 b6 30 6f cc 80 30 6a 44 20 30 5c 6f 00
81[32]: aa 09 04 40 13 11 08 00 05 20 31 79 00 00 00 00 00 00 00 00 00 00 00 00 00 00 00 00 00 00 00 00
81[32]: aa 01 05 b0 00 00 00 00 00 00 00 00 00 00 00 00 00 00 00 00 00 00 00 00 00 00 00 00 00 00 00 00
01[32]: ff 06 90 06 03 00 00 00 9e 00 00 00 02 2a 32 80 00 00 00 00 36 e7 3c 90 24 00 00 44 00 00 00 00
81[32]: aa 01 06 b1 00 00 00 00 00 00 00 00 00 00 00 00 00 00 00 00 00 00 00 00 00 00 00 00 00 00 00 00
01[32]: ff 08 92 07 02 51 01 fc bd 7e 2b 00 02 2a 32 80 00 00 00 00 36 e7 3c 90 24 00 00 44 00 00 00 00
01[32]: ff 08 92 08 01 51 01 fc bd 7e 2b 00 02 2a 32 80 00 00 00 00 36 e7 3c 90 24 00 00 44 00 00 00 00
81[32]: aa 01 07 b2 00 00 00 00 00 00 00 00 00 00 00 00 00 00 00 00 00 00 00 00 00 00 00 00 00 00 00 00
81[32]: aa 01 08 b3 00 00 00 00 00 00 00 00 00 00 00 00 00 00 00 00 00 00 00 00 00 00 00 00 00 00 00 00
01[32]: ff 08 92 09 02 51 01 00 00 00 f6 00 02 2a 32 80 00 00 00 00 36 e7 3c 90 00 00 00 00 00 00 00 00
01[32]: ff 08 92 0a 01 51 01 00 00 00 f6 00 02 2a 32 80 00 00 00 00 36 e7 3c 90 00 00 00 00 00 00 00 00
81[32]: aa 01 09 b4 00 00 00 00 00 00 00 00 00 00 00 00 00 00 00 00 00 00 00 00 00 00 00 00 00 00 00 00
81[32]: aa 01 0a b5 00 00 00 00 00 00 00 00 00 00 00 00 00 00 00 00 00 00 00 00 00 00 00 00 00 00 00 00
01[32]: ff 08 92 0b 02 51 01 fc bd 7e 2f 00 02 2a 32 80 00 00 00 00 36 e7 3c 90 00 00 00 00 00 00 00 00
01[32]: ff 08 92 0c 01 51 01 fc bd 7e 2f 00 02 2a 32 80 00 00 00 00 36 e7 3c 90 00 00 00 00 00 00 00 00
81[32]: aa 01 0b b6 00 00 00 00 00 00 00 00 00 00 00 00 00 00 00 00 00 00 00 00 00 00 00 00 00 00 00 00
81[32]: aa 01 0c b7 00 00 00 00 00 00 00 00 00 00 00 00 00 00 00 00 00 00 00 00 00 00 00 00 00 00 00 00
01[32]: ff 02 83 0d 91 51 01 fc bd 7e 2f 00 02 2a 32 80 00 00 00 00 36 e7 3c 90 00 00 00 00 00 00 00 00
81[32]: aa 09 0d 40 17 10 10 80 01 02 20 da 00 00 00 00 00 00 00 00 00 00 00 00 00 00 00 00 00 00 00 00
01[32]: ff 02 a1 0e b0 51 01 fc bd 7e 2f 00 02 2a 32 80 00 00 00 00 36 e7 3c 90 00 00 00 00 00 00 00 00
81[32]: aa 01 0e b9 00 00 00 00 00 00 00 00 00 00 00 00 00 00 00 00 00 00 00 00 00 00 00 00 00 00 00 00
01[32]: ff 08 92 0f 02 51 01 00 00 00 fc 00 02 2a 32 80 00 00 00 00 36 e7 3c 90 24 00 00 44 00 00 00 00
01[32]: ff 08 92 10 01 51 01 00 00 00 fc 00 02 2a 32 80 00 00 00 00 36 e7 3c 90 24 00 00 44 00 00 00 00
81[32]: aa 01 0f ba 00 00 00 00 00 00 00 00 00 00 00 00 00 00 00 00 00 00 00 00 00 00 00 00 00 00 00 00
81[32]: aa 01 10 bb 00 00 00 00 00 00 00 00 00 00 00 00 00 00 00 00 00 00 00 00 00 00 00 00 00 00 00 00
01[32]: ff 08 92 11 02 51 01 fc bd 7e 35 00 02 2a 32 80 00 00 00 00 36 e7 3c 90 24 00 00 44 00 00 00 00
01[32]: ff 08 92 12 01 51 01 fc bd 7e 35 00 02 2a 32 80 00 00 00 00 36 e7 3c 90 24 00 00 44 00 00 00 00
81[32]: aa 01 11 bc 00 00 00 00 00 00 00 00 00 00 00 00 00 00 00 00 00 00 00 00 00 00 00 00 00 00 00 00
81[32]: aa 01 12 bd 00 00 00 00 00 00 00 00 00 00 00 00 00 00 00 00 00 00 00 00 00 00 00 00 00 00 00 00
01[32]: ff 02 83 13 97 51 01 fc bd 7e 35 00 02 2a 32 80 00 00 00 00 36 e7 3c 90 24 00 00 44 00 00 00 00
81[32]: aa 09 13 14 00 09 08 10 55 a2 61 53 00 00 00 00 00 00 00 00 00 00 00 00 00 00 00 00 00 00 00 00
01[32]: ff 02 a1 14 b6 51 01 fc bd 7e 35 00 02 2a 32 80 00 00 00 00 36 e7 3c 90 24 00 00 44 00 00 00 00
81[32]: aa 01 14 bf 00 00 00 00 00 00 00 00 00 00 00 00 00 00 00 00 00 00 00 00 00 00 00 00 00 00 00 00
01[32]: ff 08 92 15 02 51 01 00 00 00 02 00 02 2a 32 80 00 00 00 00 36 e7 3c 90 24 00 00 44 00 00 00 00
01[32]: ff 08 92 16 01 51 01 00 00 00 02 00 02 2a 32 80 00 00 00 00 36 e7 3c 90 24 00 00 44 00 00 00 00
81[32]: aa 01 15 c0 00 00 00 00 00 00 00 00 00 00 00 00 00 00 00 00 00 00 00 00 00 00 00 00 00 00 00 00
81[32]: aa 01 16 c1 00 00 00 00 00 00 00 00 00 00 00 00 00 00 00 00 00 00 00 00 00 00 00 00 00 00 00 00
01[32]: ff 08 92 17 02 51 01 fc bd 7e 3b 00 02 2a 32 80 00 00 00 00 36 e7 3c 90 24 00 00 44 00 00 00 00
01[32]: ff 08 92 18 01 51 01 fc bd 7e 3b 00 02 2a 32 80 00 00 00 00 36 e7 3c 90 24 00 00 44 00 00 00 00
81[32]: aa 01 17 c2 00 00 00 00 00 00 00 00 00 00 00 00 00 00 00 00 00 00 00 00 00 00 00 00 00 00 00 00
81[32]: aa 01 18 c3 00 00 00 00 00 00 00 00 00 00 00 00 00 00 00 00 00 00 00 00 00 00 00 00 00 00 00 00
01[32]: ff 02 83 19 9d 51 01 fc bd 7e 3b 00 02 2a 32 80 00 00 00 00 36 e7 3c 90 24 00 00 44 00 00 00 00
81[32]: aa 09 19 41 04 10 10 50 04 aa 60 8f 00 00 00 00 00 00 00 00 00 00 00 00 00 00 00 00 00 00 00 00
01[32]: ff 02 a1 1a bc 51 01 fc bd 7e 3b 00 02 2a 32 80 00 00 00 00 36 e7 3c 90 24 00 00 44 00 00 00 00
81[32]: aa 01 1a c5 00 00 00 00 00 00 00 00 00 00 00 00 00 00 00 00 00 00 00 00 00 00 00 00 00 00 00 00
01[32]: ff 08 92 1b 02 51 01 00 00 00 08 00 02 2a 32 80 00 00 00 00 36 e7 3c 90 00 00 00 00 00 00 00 00
01[32]: ff 08 92 1c 01 51 01 00 00 00 08 00 02 2a 32 80 00 00 00 00 36 e7 3c 90 00 00 00 00 00 00 00 00
81[32]: aa 01 1b c6 00 00 00 00 00 00 00 00 00 00 00 00 00 00 00 00 00 00 00 00 00 00 00 00 00 00 00 00
81[32]: aa 01 1c c7 00 00 00 00 00 00 00 00 00 00 00 00 00 00 00 00 00 00 00 00 00 00 00 00 00 00 00 00
