 ff 11 80 00 28 63 29 20 44 69 73 6e 65 79 20 32 30 31 33 b6 30 6f cc 80 30 6a 44 20 30 5c 6f 00
 ff 03 b5 01 ff b7 29 20 44 69 73 6e 65 79 20 32 30 31 33 b6 30 6f cc 80 30 6a 44 20 30 5c 6f 00
 ff 03 b5 02 01 ba 29 20 44 69 73 6e 65 79 20 32 30 31 33 b6 30 6f cc 80 30 6a 44 20 30 5c 6f 00
 ff 0a 81 03 85 f2 32 83 c3 86 2c 46 74 79 20 32 30 31 33 b6 30 6f cc 80 30 6a 44 20 30 5c 6f 00
 ff 02 83 04 88 f2 32 83 c3 86 2c 46 74 79 20 32 30 31 33 b6 30 6f cc 80 30 6a 44 20 30 5c 6f 00
 ff 02 a1 05 a7 f2 32 83 c3 86 2c 46 74 79 20 32 30 31 33 b6 30 6f cc 80 30 6a 44 20 30 5c 6f 00
 ff 06 90 06 03 00 00 00 9e 00 00 00 02 2a 32 80 00 00 00 00 36 e7 3c 90 24 00 00 44 00 00 00 00
 ff 08 92 07 02 51 01 fc bd 7e 2b 00 02 2a 32 80 00 00 00 00 36 e7 3c 90 24 00 00 44 00 00 00 00
 ff 08 92 08 01 51 01 fc bd 7e 2b 00 02 2a 32 80 00 00 00 00 36 e7 3c 90 24 00 00 44 00 00 00 00
 ff 08 92 09 02 51 01 00 00 00 f6 00 02 2a 32 80 00 00 00 00 36 e7 3c 90 00 00 00 00 00 00 00 00
 ff 08 92 0a 01 51 01 00 00 00 f6 00 02 2a 32 80 00 00 00 00 36 e7 3c 90 00 00 00 00 00 00 00 00
 ff 08 92 0b 02 51 01 fc bd 7e 2f 00 02 2a 32 80 00 00 00 00 36 e7 3c 90 00 00 00 00 00 00 00 00
 ff 08 92 0c 01 51 01 fc bd 7e 2f 00 02 2a 32 80 00 00 00 00 36 e7 3c 90 00 00 00 00 00 00 00 00
 ff 02 83 0d 91 51 01 fc bd 7e 2f 00 02 2a 32 80 00 00 00 00 36 e7 3c 90 00 00 00 00 00 00 00 00
 ff 02 a1 0e b0 51 01 fc bd 7e 2f 00 02 2a 32 80 00 00 00 00 36 e7 3c 90 00 00 00 00 00 00 00 00
 ff 08 92 0f 02 51 01 00 00 00 fc 00 02 2a 32 80 00 00 00 00 36 e7 3c 90 24 00 00 44 00 00 00 00
 ff 08 92 10 01 51 01 00 00 00 fc 00 02 2a 32 80 00 00 00 00 36 e7 3c 90 24 00 00 44 00 00 00 00
 ff 08 92 11 02 51 01 fc bd 7e 35 00 02 2a 32 80 00 00 00 00 36 e7 3c 90 24 00 00 44 00 00 00 00
 ff 08 92 12 01 51 01 fc bd 7e 35 00 02 2a 32 80 00 00 00 00 36 e7 3c 90 24 00 00 44 00 00 00 00
 ff 02 83 13 97 51 01 fc bd 7e 35 00 02 2a 32 80 00 00 00 00 36 e7 3c 90 24 00 00 44 00 00 00 00
 ff 02 a1 14 b6 51 01 fc bd 7e 35 00 02 2a 32 80 00 00 00 00 36 e7 3c 90 24 00 00 44 00 00 00 00
 ff 08 92 15 02 51 01 00 00 00 02 00 02 2a 32 80 00 00 00 00 36 e7 3c 90 24 00 00 44 00 00 00 00
 ff 08 92 16 01 51 01 00 00 00 02 00 02 2a 32 80 00 00 00 00 36 e7 3c 90 24 00 00 44 00 00 00 00
 ff 08 92 17 02 51 01 fc bd 7e 3b 00 02 2a 32 80 00 00 00 00 36 e7 3c 90 24 00 00 44 00 00 00 00
 ff 08 92 18 01 51 01 fc bd 7e 3b 00 02 2a 32 80 00 00 00 00 36 e7 3c 90 24 00 00 44 00 00 00 00
 ff 02 83 19 9d 51 01 fc bd 7e 3b 00 02 2a 32 80 00 00 00 00 36 e7 3c 90 24 00 00 44 00 00 00 00
 ff 02 a1 1a bc 51 01 fc bd 7e 3b 00 02 2a 32 80 00 00 00 00 36 e7 3c 90 24 00 00 44 00 00 00 00
 ff 08 92 1b 02 51 01 00 00 00 08 00 02 2a 32 80 00 00 00 00 36 e7 3c 90 00 00 00 00 00 00 00 00
 ff 08 92 1c 01 51 01 00 00 00 08 00 02 2a 32 80 00 00 00 00 36 e7 3c 90 00 00 00 00 00 00 00 00
