[21 09 00 02 00 00 02 00]: 52 00
[21 09 00 02 00 00 02 00]: 41 00
[21 09 00 02 00 00 02 00]: 41 00
[21 09 00 02 00 00 02 00]: 41 01
[21 09 00 02 00 00 01 00]: 53
[21 09 00 02 00 00 04 00]: 56 00 01 19
[21 09 00 02 00 00 05 00]: 4c 01 ff ff ff
[21 09 00 02 00 00 07 00]: 4a 00 00 ff 00 d0 07
[21 09 00 02 00 00 07 00]: 4a 02 ff 00 00 d0 07
[21 09 00 02 00 00 03 00]: 51 20 00
[21 09 00 02 00 00 03 00]: 51 10 01
[21 09 00 02 00 00 07 00]: 4a 00 00 00 ff d0 07
[21 09 00 02 00 00 07 00]: 4a 02 00 ff 00 d0 07
[21 09 00 02 00 00 03 00]: 51 21 00
[21 09 00 02 00 00 03 00]: 51 11 01
[21 09 00 02 00 00 03 00]: 51 10 08
[21 09 00 02 00 00 03 00]: 51 10 24
[21 09 00 02 00 00 03 00]: 51 10 11
[21 09 00 02 00 00 03 00]: 51 10 2d
[21 09 00 02 00 00 03 00]: 51 30 25
[21 09 00 02 00 00 03 00]: 51 20 26
[21 09 00 02 00 00 03 00]: 51 10 27
[21 09 00 02 00 00 03 00]: 51 10 28
[21 09 00 02 00 00 03 00]: 51 30 09
[21 09 00 02 00 00 03 00]: 51 20 0a
[21 09 00 02 00 00 03 00]: 51 10 0b
[21 09 00 02 00 00 03 00]: 51 10 0c
[21 09 00 02 00 00 03 00]: 51 30 29
[21 09 00 02 00 00 03 00]: 51 20 2a
[21 09 00 02 00 00 03 00]: 51 10 2b
[21 09 00 02 00 00 03 00]: 51 10 2c
[21 09 00 02 00 00 03 00]: 51 30 0d
[21 09 00 02 00 00 03 00]: 51 20 0e
[21 09 00 02 00 00 03 00]: 51 10 0f
[21 09 00 02 00 00 03 00]: 51 10 10
[21 09 00 02 00 00 03 00]: 51 30 2e
[21 09 00 02 00 00 03 00]: 51 20 2f
[21 09 00 02 00 00 03 00]: 51 10 30
[21 09 00 02 00 00 03 00]: 51 10 31
[21 09 00 02 00 00 03 00]: 51 30 12
[21 09 00 02 00 00 03 00]: 51 11 08
[21 09 00 02 00 00 03 00]: 51 20 13
[21 09 00 02 00 00 03 00]: 51 11 24
[21 09 00 02 00 00 03 00]: 51 10 14
[21 09 00 02 00 00 03 00]: 51 31 09
[21 09 00 02 00 00 03 00]: 51 21 0a
[21 09 00 02 00 00 03 00]: 51 11 0b
[21 09 00 02 00 00 03 00]: 51 10 15
[21 09 00 02 00 00 03 00]: 51 11 0c
[21 09 00 02 00 00 03 00]: 51 31 25
[21 09 00 02 00 00 03 00]: 51 21 26
[21 09 00 02 00 00 03 00]: 51 11 27
[21 09 00 02 00 00 03 00]: 51 11 28
[21 09 00 02 00 00 03 00]: 51 f1 0d
[21 09 00 02 00 00 03 00]: 51 f1 0e
[21 09 00 02 00 00 03 00]: 51 f1 0f
[21 09 00 02 00 00 03 00]: 51 e1 10
[21 09 00 02 00 00 03 00]: 51 d1 11
[21 09 00 02 00 00 03 00]: 51 c1 12
[21 09 00 02 00 00 03 00]: 51 b1 13
[21 09 00 02 00 00 03 00]: 51 a1 14
[21 09 00 02 00 00 03 00]: 51 91 15
[21 09 00 02 00 00 07 00]: 4a 00 00 00 00 64 00
[21 09 00 02 00 00 03 00]: 51 81 16
[21 09 00 02 00 00 07 00]: 4a 02 00 00 00 64 00
[21 09 00 02 00 00 03 00]: 51 71 17
[21 09 00 02 00 00 07 00]: 4a 00 b4 78 00 fa 00
[21 09 00 02 00 00 03 00]: 51 61 18
[21 09 00 02 00 00 07 00]: 4a 02 b4 78 00 fa 00
[21 09 00 02 00 00 03 00]: 51 51 19
[21 09 00 02 00 00 03 00]: 51 41 1a
[21 09 00 02 00 00 03 00]: 51 31 1b
[21 09 00 02 00 00 03 00]: 51 21 1c
[21 09 00 02 00 00 03 00]: 51 11 1d
[21 09 00 02 00 00 07 00]: 4a 02 5a 2d 00 f4 01
[21 09 00 02 00 00 03 00]: 51 41 1e
[21 09 00 02 00 00 03 00]: 51 31 1f
[21 09 00 02 00 00 03 00]: 51 21 20
[21 09 00 02 00 00 03 00]: 51 11 21
[21 09 00 02 00 00 03 00]: 51 11 22
[21 09 00 02 00 00 03 00]: 51 f1 29
[21 09 00 02 00 00 03 00]: 51 f1 2a
[21 09 00 02 00 00 03 00]: 51 f1 2b
[21 09 00 02 00 00 03 00]: 51 e1 2c
[21 09 00 02 00 00 03 00]: 51 e1 2c
[21 09 00 02 00 00 07 00]: 4a 00 5a 2d 00 f4 01
[21 09 00 02 00 00 03 00]: 51 d1 2d
[21 09 00 02 00 00 07 00]: 4a 02 b4 78 00 f4 01
[21 09 00 02 00 00 03 00]: 51 c1 2e
[21 09 00 02 00 00 03 00]: 51 b1 2f
[21 09 00 02 00 00 03 00]: 51 a1 30
[21 09 00 02 00 00 03 00]: 51 91 31
[21 09 00 02 00 00 03 00]: 51 81 32
[21 09 00 02 00 00 03 00]: 51 71 33
[21 09 00 02 00 00 03 00]: 51 61 34
[21 09 00 02 00 00 07 00]: 4a 00 b4 78 00 f4 01
[21 09 00 02 00 00 03 00]: 51 51 35
[21 09 00 02 00 00 07 00]: 4a 02 5a 2d 00 f4 01
[21 09 00 02 00 00 03 00]: 51 41 36
[21 09 00 02 00 00 03 00]: 51 31 37
[21 09 00 02 00 00 03 00]: 51 21 38
[21 09 00 02 00 00 03 00]: 51 11 39
[21 09 00 02 00 00 03 00]: 51 10 06
[21 09 00 02 00 00 03 00]: 51 41 3a
[21 09 00 02 00 00 03 00]: 51 31 3b
[21 09 00 02 00 00 03 00]: 51 21 3c
[21 09 00 02 00 00 03 00]: 51 11 3d
[21 09 00 02 00 00 03 00]: 51 11 3e
[21 09 00 02 00 00 07 00]: 4a 00 5a 2d 00 f4 01
[21 09 00 02 00 00 03 00]: 51 11 06
[21 09 00 02 00 00 07 00]: 4a 02 b4 78 00 f4 01
[21 09 00 02 00 00 07 00]: 4a 00 b4 78 00 f4 01
[21 09 00 02 00 00 07 00]: 4a 02 5a 2d 00 f4 01
[21 09 00 02 00 00 07 00]: 4a 00 5a 2d 00 f4 01
[21 09 00 02 00 00 07 00]: 4a 02 b4 78 00 f4 01
[21 09 00 02 00 00 07 00]: 4a 00 b4 78 00 f4 01
[21 09 00 02 00 00 07 00]: 4a 02 5a 2d 00 f4 01
[21 09 00 02 00 00 07 00]: 4a 00 5a 2d 00 f4 01
[21 09 00 02 00 00 07 00]: 4a 02 b4 78 00 f4 01
[21 09 00 02 00 00 07 00]: 4a 00 b4 78 00 f4 01
[21 09 00 02 00 00 07 00]: 4a 02 5a 2d 00 f4 01
[21 09 00 02 00 00 07 00]: 4a 00 5a 2d 00 f4 01
[21 09 00 02 00 00 07 00]: 4a 02 b4 78 00 f4 01
[21 09 00 02 00 00 07 00]: 4a 00 b4 78 00 f4 01
[21 09 00 02 00 00 07 00]: 4a 02 5a 2d 00 f4 01
[21 09 00 02 00 00 07 00]: 4a 00 5a 2d 00 f4 01
[21 09 00 02 00 00 07 00]: 4a 02 b4 78 00 f4 01
[21 09 00 02 00 00 07 00]: 4a 00 b4 78 00 f4 01
[21 09 00 02 00 00 07 00]: 4a 02 5a 2d 00 f4 01
[21 09 00 02 00 00 07 00]: 4a 00 00 00 00 64 00
[21 09 00 02 00 00 07 00]: 4a 02 00 00 00 64 00
[21 09 00 02 00 00 07 00]: 4a 00 00 ff 00 fa 00
[21 09 00 02 00 00 07 00]: 4a 02 00 ff 00 fa 00
[21 09 00 02 00 00 07 00]: 4a 02 1e 78 1e f4 01
[21 09 00 02 00 00 07 00]: 4a 00 1e 78 1e f4 01
[21 09 00 02 00 00 07 00]: 4a 02 00 ff 00 f4 01
[21 09 00 02 00 00 07 00]: 4a 00 00 ff 00 f4 01
[21 09 00 02 00 00 07 00]: 4a 02 1e 78 1e f4 01
[21 09 00 02 00 00 07 00]: 4a 00 1e 78 1e f4 01
[21 09 00 02 00 00 07 00]: 4a 02 00 ff 00 f4 01
[21 09 00 02 00 00 07 00]: 4a 00 00 ff 00 f4 01
[21 09 00 02 00 00 07 00]: 4a 02 1e 78 1e f4 01
[21 09 00 02 00 00 07 00]: 4a 00 1e 78 1e f4 01
[21 09 00 02 00 00 07 00]: 4a 02 00 ff 00 f4 01
[21 09 00 02 00 00 07 00]: 4a 00 00 ff 00 f4 01
[21 09 00 02 00 00 07 00]: 4a 02 1e 78 1e f4 01
[21 09 00 02 00 00 02 00]: 4d 01
[21 09 00 02 00 00 02 00]: 4d 01
[21 09 00 02 00 00 02 00]: 4d 01
[21 09 00 02 00 00 02 00]: 4d 01
[21 09 00 02 00 00 04 00]: 43 00 00 00
[21 09 00 02 00 00 05 00]: 4c 00 00 10 00
[21 09 00 02 00 00 05 00]: 4c 00 00 3b 00
[21 09 00 02 00 00 02 00]: 4d 00
[21 09 00 02 00 00 05 00]: 4c 00 00 66 00
[21 09 00 02 00 00 05 00]: 4c 00 00 7e 00
[21 09 00 02 00 00 05 00]: 4c 00 00 98 00
[21 09 00 02 00 00 05 00]: 4c 00 00 b1 00
[21 09 00 02 00 00 05 00]: 4c 00 00 c9 00
[21 09 00 02 00 00 05 00]: 4c 00 0a d1 0a
[21 09 00 02 00 00 05 00]: 4c 02 13 a5 13
[21 09 00 02 00 00 07 00]: 4a 00 ff 00 00 d0 07
[21 09 00 02 00 00 07 00]: 4a 02 00 00 ff d0 07
[21 09 00 02 00 00 07 00]: 4a 00 00 ff 00 d0 07
[21 09 00 02 00 00 07 00]: 4a 02 ff 00 00 d0 07
[21 09 00 02 00 00 02 00]: 4d 01
[21 09 00 02 00 00 02 00]: 4d 01
[21 09 00 02 00 00 02 00]: 4d 01
[21 09 00 02 00 00 02 00]: 4d 01
[21 09 00 02 00 00 02 00]: 4d 01
[21 09 00 02 00 00 04 00]: 43 00 00 00
[21 09 00 02 00 00 05 00]: 4c 00 00 12 00
[21 09 00 02 00 00 05 00]: 4c 02 12 00 00
[21 09 00 02 00 00 05 00]: 4c 00 00 35 00
[21 09 00 02 00 00 05 00]: 4c 02 35 00 00
[21 09 00 02 00 00 05 00]: 4c 00 00 5c 00
[21 09 00 02 00 00 05 00]: 4c 02 5c 00 00
[21 09 00 02 00 00 02 00]: 4d 00
[21 09 00 02 00 00 05 00]: 4c 00 00 7c 00
[21 09 00 02 00 00 05 00]: 4c 00 00 9e 00
[21 09 00 02 00 00 05 00]: 4c 00 00 cd 17
[21 09 00 02 00 00 05 00]: 4c 00 00 d7 27
[21 09 00 02 00 00 05 00]: 4c 02 d7 27 00
[21 09 00 02 00 00 07 00]: 4a 00 ff 00 00 d0 07
[21 09 00 02 00 00 07 00]: 4a 02 00 00 ff d0 07
[21 09 00 02 00 00 07 00]: 4a 00 00 ff 00 d0 07
[21 09 00 02 00 00 07 00]: 4a 02 ff 00 00 d0 07
[21 09 00 02 00 00 13 00]: 57 11 25 0f 32 97 6b 86 0d 04 60 82 83 1a 7b 11 d6 11 1e
[21 09 00 02 00 00 03 00]: 51 11 25
[21 09 00 02 00 00 13 00]: 57 11 2d 2a e6 31 01 0f 0d 28 ca 32 bd 1e 91 4c 6f 42 ba
[21 09 00 02 00 00 03 00]: 51 11 2d
[21 09 00 02 00 00 13 00]: 57 11 31 2e 14 0d 3f 5f b4 2d 27 a9 b6 14 1e 9b 52 5a 3e
[21 09 00 02 00 00 03 00]: 51 11 31
[21 09 00 02 00 00 13 00]: 57 11 3d 29 8c 24 e4 47 8f 0e 13 6c d4 e1 68 9f 55 52 e2
[21 09 00 02 00 00 03 00]: 51 11 3d
[21 09 00 02 00 00 13 00]: 57 11 24 97 1f 2e dd 07 bd ee ef 89 c5 78 61 86 da 79 b8
[21 09 00 02 00 00 03 00]: 51 11 24
[21 09 00 02 00 00 13 00]: 57 10 0d a6 e2 61 15 1a 81 30 1b cd 77 2b c4 a1 8e 37 fa
[21 09 00 02 00 00 03 00]: 51 10 0d
[21 09 00 02 00 00 13 00]: 57 10 10 7d dd f6 3b ec 6b 94 13 89 00 87 12 f3 ee 1b 3f
[21 09 00 02 00 00 03 00]: 51 10 10
[21 09 00 02 00 00 13 00]: 57 10 08 27 e3 bb 8f 4c 5f bf 63 56 48 27 e1 74 b2 ce c3
[21 09 00 02 00 00 03 00]: 51 10 08
[21 09 00 02 00 00 07 00]: 4a 00 00 00 00 64 00
[21 09 00 02 00 00 07 00]: 4a 02 00 00 00 64 00
[21 09 00 02 00 00 07 00]: 4a 00 00 ff 00 fa 00
[21 09 00 02 00 00 07 00]: 4a 02 00 ff 00 fa 00
[21 09 00 02 00 00 07 00]: 4a 02 1e 78 1e f4 01
[21 09 00 02 00 00 07 00]: 4a 00 1e 78 1e f4 01
[21 09 00 02 00 00 07 00]: 4a 02 00 ff 00 f4 01
[21 09 00 02 00 00 07 00]: 4a 00 00 ff 00 f4 01
[21 09 00 02 00 00 07 00]: 4a 02 1e 78 1e f4 01
[21 09 00 02 00 00 07 00]: 4a 00 1e 78 1e f4 01
[21 09 00 02 00 00 07 00]: 4a 02 00 ff 00 f4 01
[21 09 00 02 00 00 07 00]: 4a 00 00 ff 00 f4 01
[21 09 00 02 00 00 07 00]: 4a 02 1e 78 1e f4 01
[21 09 00 02 00 00 07 00]: 4a 00 1e 78 1e f4 01
[21 09 00 02 00 00 07 00]: 4a 02 00 ff 00 f4 01
[21 09 00 02 00 00 07 00]: 4a 00 00 ff 00 f4 01
[21 09 00 02 00 00 07 00]: 4a 02 1e 78 1e f4 01
[21 09 00 02 00 00 02 00]: 4d 01
[21 09 00 02 00 00 04 00]: 43 00 00 00
[21 09 00 02 00 00 05 00]: 4c 02 00 06 00
[21 09 00 02 00 00 02 00]: 4d 00
[21 09 00 02 00 00 05 00]: 4c 00 00 28 00
[21 09 00 02 00 00 05 00]: 4c 00 00 52 00
[21 09 00 02 00 00 05 00]: 4c 00 00 7d 00
[21 09 00 02 00 00 05 00]: 4c 00 00 ac 00
[21 09 00 02 00 00 05 00]: 4c 00 11 ca 09
[21 09 00 02 00 00 05 00]: 4c 02 12 9f 1a
[21 09 00 02 00 00 02 00]: 4d 01
[21 09 00 02 00 00 02 00]: 4d 00
[21 09 00 02 00 00 02 00]: 4d 01
[21 09 00 02 00 00 07 00]: 4a 00 00 ff 00 d0 07
[21 09 00 02 00 00 07 00]: 4a 02 ff 00 00 d0 07
[21 09 00 02 00 00 04 00]: 43 00 00 00
[21 09 00 02 00 00 02 00]: 4d 00
[21 09 00 02 00 00 05 00]: 4c 00 00 1c 00
[21 09 00 02 00 00 05 00]: 4c 00 00 42 00
[21 09 00 02 00 00 05 00]: 4c 00 11 67 00
[21 09 00 02 00 00 05 00]: 4c 00 40 9e 00
[21 09 00 02 00 00 05 00]: 4c 00 4d b1 00
[21 09 00 02 00 00 05 00]: 4c 02 b1 00 4d
[21 09 00 02 00 00 07 00]: 4a 00 00 00 ff d0 07
[21 09 00 02 00 00 07 00]: 4a 02 00 ff 00 d0 07
[21 09 00 02 00 00 13 00]: 57 11 09 eb 4a 55 c4 fa 88 51 f2 56 76 fa 37 33 36 6b 7f
[21 09 00 02 00 00 03 00]: 51 11 09
[21 09 00 02 00 00 13 00]: 57 11 11 84 48 5a 7c d4 ca 85 1a 8a b6 67 16 04 3e 27 d5
[21 09 00 02 00 00 03 00]: 51 11 11
[21 09 00 02 00 00 07 00]: 4a 00 ff 00 00 d0 07
[21 09 00 02 00 00 13 00]: 57 11 15 01 71 5f a3 aa ae 2c 52 cf ad 98 93 77 51 2f 42
[21 09 00 02 00 00 03 00]: 51 11 15
[21 09 00 02 00 00 07 00]: 4a 02 00 00 ff d0 07
[21 09 00 02 00 00 13 00]: 57 11 21 2c 33 06 d5 2a 01 06 38 a4 cf db 5d 70 26 57 09
[21 09 00 02 00 00 03 00]: 51 11 21
[21 09 00 02 00 00 13 00]: 57 11 08 46 32 22 c8 8e a5 0c 7a 7e 23 18 41 6f 13 1e df
[21 09 00 02 00 00 03 00]: 51 11 08
[21 09 00 02 00 00 07 00]: 4a 00 00 00 00 64 00
[21 09 00 02 00 00 07 00]: 4a 02 00 00 00 64 00
[21 09 00 02 00 00 07 00]: 4a 00 00 ff 00 fa 00
[21 09 00 02 00 00 07 00]: 4a 02 00 ff 00 fa 00
[21 09 00 02 00 00 07 00]: 4a 02 1e 78 1e f4 01
[21 09 00 02 00 00 07 00]: 4a 00 1e 78 1e f4 01
[21 09 00 02 00 00 07 00]: 4a 02 00 ff 00 f4 01
[21 09 00 02 00 00 07 00]: 4a 00 00 ff 00 f4 01
[21 09 00 02 00 00 07 00]: 4a 02 1e 78 1e f4 01
[21 09 00 02 00 00 07 00]: 4a 00 1e 78 1e f4 01
[21 09 00 02 00 00 07 00]: 4a 02 00 ff 00 f4 01
[21 09 00 02 00 00 07 00]: 4a 00 00 ff 00 f4 01
[21 09 00 02 00 00 07 00]: 4a 02 1e 78 1e f4 01
[21 09 00 02 00 00 07 00]: 4a 00 1e 78 1e f4 01
[21 09 00 02 00 00 07 00]: 4a 02 00 ff 00 f4 01
[21 09 00 02 00 00 07 00]: 4a 00 00 ff 00 f4 01
[21 09 00 02 00 00 07 00]: 4a 02 1e 78 1e f4 01
[21 09 00 02 00 00 02 00]: 4d 01
[21 09 00 02 00 00 04 00]: 43 00 00 00
[21 09 00 02 00 00 05 00]: 4c 02 00 17 00
[21 09 00 02 00 00 02 00]: 4d 00
[21 09 00 02 00 00 02 00]: 4d 00
[21 09 00 02 00 00 02 00]: 4d 00
[21 09 00 02 00 00 05 00]: 4c 00 00 6f 00
[21 09 00 02 00 00 05 00]: 4c 00 06 91 00
[21 09 00 02 00 00 05 00]: 4c 00 1e a4 10
[21 09 00 02 00 00 05 00]: 4c 02 0b bc 19
[21 09 00 02 00 00 02 00]: 4d 01
[21 09 00 02 00 00 02 00]: 4d 00
[21 09 00 02 00 00 02 00]: 4d 01
[21 09 00 02 00 00 07 00]: 4a 00 00 ff 00 d0 07
[21 09 00 02 00 00 07 00]: 4a 02 ff 00 00 d0 07
[21 09 00 02 00 00 02 00]: 4d 00
[21 09 00 02 00 00 02 00]: 4d 00
[21 09 00 02 00 00 02 00]: 4d 01
[21 09 00 02 00 00 07 00]: 4a 00 00 00 ff d0 07
[21 09 00 02 00 00 07 00]: 4a 02 00 ff 00 d0 07
[21 09 00 02 00 00 02 00]: 4d 00
[21 09 00 02 00 00 02 00]: 4d 01
[21 09 00 02 00 00 04 00]: 43 00 00 00
[21 09 00 02 00 00 05 00]: 4c 00 00 00 14
[21 09 00 02 00 00 05 00]: 4c 02 00 14 00
[21 09 00 02 00 00 02 00]: 4d 00
[21 09 00 02 00 00 05 00]: 4c 00 00 00 3b
[21 09 00 02 00 00 05 00]: 4c 00 00 00 64
[21 09 00 02 00 00 05 00]: 4c 00 00 09 9b
[21 09 00 02 00 00 05 00]: 4c 00 00 2e c6
[21 09 00 02 00 00 05 00]: 4c 00 00 30 ce
[21 09 00 02 00 00 05 00]: 4c 02 30 ce 00
[21 09 00 02 00 00 07 00]: 4a 00 ff 00 00 d0 07
[21 09 00 02 00 00 07 00]: 4a 02 00 00 ff d0 07
[21 09 00 02 00 00 07 00]: 4a 00 00 ff 00 d0 07
[21 09 00 02 00 00 07 00]: 4a 02 ff 00 00 d0 07
[21 09 00 02 00 00 13 00]: 57 11 25 d0 d7 ad 3c 1a 90 bd bd 70 33 a3 ca 0a 7f 89 da
[21 09 00 02 00 00 03 00]: 51 11 25
[21 09 00 02 00 00 13 00]: 57 11 2d 53 51 a3 07 07 3f 93 27 49 eb fb d2 44 4b 7c ae
[21 09 00 02 00 00 03 00]: 51 11 2d
[21 09 00 02 00 00 13 00]: 57 11 31 b6 c7 47 ae ae f7 cb 0a 69 e6 f4 10 56 91 76 f1
[21 09 00 02 00 00 03 00]: 51 11 31
[21 09 00 02 00 00 13 00]: 57 11 3d ce 4d 19 15 b3 89 a6 02 24 ea 5b 2a 51 20 a7 28
[21 09 00 02 00 00 03 00]: 51 11 3d
[21 09 00 02 00 00 07 00]: 4a 00 00 00 ff d0 07
[21 09 00 02 00 00 13 00]: 57 11 24 30 e1 b5 0f 2b cc ed 86 17 9c a1 58 20 dc 06 89
[21 09 00 02 00 00 03 00]: 51 11 24
[21 09 00 02 00 00 07 00]: 4a 02 00 ff 00 d0 07
[21 09 00 02 00 00 07 00]: 4a 00 00 00 00 64 00
[21 09 00 02 00 00 07 00]: 4a 02 00 00 00 64 00
[21 09 00 02 00 00 07 00]: 4a 00 00 ff 00 fa 00
[21 09 00 02 00 00 07 00]: 4a 02 00 ff 00 fa 00
[21 09 00 02 00 00 07 00]: 4a 02 1e 78 1e f4 01
[21 09 00 02 00 00 07 00]: 4a 00 1e 78 1e f4 01
[21 09 00 02 00 00 07 00]: 4a 02 00 ff 00 f4 01
[21 09 00 02 00 00 07 00]: 4a 00 00 ff 00 f4 01
[21 09 00 02 00 00 07 00]: 4a 02 1e 78 1e f4 01
[21 09 00 02 00 00 07 00]: 4a 00 1e 78 1e f4 01
[21 09 00 02 00 00 07 00]: 4a 02 00 ff 00 f4 01
[21 09 00 02 00 00 07 00]: 4a 00 00 ff 00 f4 01
[21 09 00 02 00 00 07 00]: 4a 02 1e 78 1e f4 01
[21 09 00 02 00 00 07 00]: 4a 00 1e 78 1e f4 01
[21 09 00 02 00 00 07 00]: 4a 02 00 ff 00 f4 01
[21 09 00 02 00 00 07 00]: 4a 00 00 ff 00 f4 01
[21 09 00 02 00 00 07 00]: 4a 02 1e 78 1e f4 01
[21 09 00 02 00 00 02 00]: 4d 01
[21 09 00 02 00 00 04 00]: 43 00 00 00
[21 09 00 02 00 00 05 00]: 4c 00 00 07 00
[21 09 00 02 00 00 05 00]: 4c 00 00 32 00
[21 09 00 02 00 00 02 00]: 4d 00
[21 09 00 02 00 00 05 00]: 4c 00 00 5d 00
[21 09 00 02 00 00 05 00]: 4c 00 00 88 00
[21 09 00 02 00 00 05 00]: 4c 00 00 a1 00
[21 09 00 02 00 00 05 00]: 4c 00 00 ba 00
[21 09 00 02 00 00 05 00]: 4c 00 00 d3 00
[21 09 00 02 00 00 05 00]: 4c 00 08 da 08
[21 09 00 02 00 00 05 00]: 4c 02 15 9c 15
[21 09 00 02 00 00 07 00]: 4a 00 ff 00 00 d0 07
[21 09 00 02 00 00 07 00]: 4a 02 00 00 ff d0 07
[21 09 00 02 00 00 02 00]: 4d 01
[21 09 00 02 00 00 02 00]: 4d 01
[21 09 00 02 00 00 02 00]: 4d 01
[21 09 00 02 00 00 02 00]: 4d 01
[21 09 00 02 00 00 02 00]: 4d 00
[21 09 00 02 00 00 02 00]: 4d 01
[21 09 00 02 00 00 07 00]: 4a 00 00 ff 00 d0 07
[21 09 00 02 00 00 07 00]: 4a 02 ff 00 00 d0 07
[21 09 00 02 00 00 02 00]: 4d 00
[21 09 00 02 00 00 02 00]: 4d 01
[21 09 00 02 00 00 02 00]: 4d 01
[21 09 00 02 00 00 02 00]: 4d 01
[21 09 00 02 00 00 02 00]: 4d 01
[21 09 00 02 00 00 07 00]: 4a 00 00 00 ff d0 07
[21 09 00 02 00 00 07 00]: 4a 02 00 ff 00 d0 07
[21 09 00 02 00 00 02 00]: 4d 00
[21 09 00 02 00 00 02 00]: 4d 01
[21 09 00 02 00 00 02 00]: 4d 01
[21 09 00 02 00 00 02 00]: 4d 01
[21 09 00 02 00 00 02 00]: 4d 01
[21 09 00 02 00 00 02 00]: 4d 00
[21 09 00 02 00 00 02 00]: 4d 01
[21 09 00 02 00 00 07 00]: 4a 00 ff 00 00 d0 07
[21 09 00 02 00 00 07 00]: 4a 02 00 00 ff d0 07
[21 09 00 02 00 00 04 00]: 43 00 00 00
[21 09 00 02 00 00 02 00]: 4d 00
[21 09 00 02 00 00 05 00]: 4c 00 00 00 07
[21 09 00 02 00 00 05 00]: 4c 00 13 00 29
[21 09 00 02 00 00 05 00]: 4c 00 4b 00 57
[21 09 00 02 00 00 05 00]: 4c 00 73 00 79
[21 09 00 02 00 00 05 00]: 4c 00 7f 00 7f
[21 09 00 02 00 00 05 00]: 4c 02 00 7f 7f
[21 09 00 02 00 00 07 00]: 4a 00 00 ff 00 d0 07
[21 09 00 02 00 00 07 00]: 4a 02 ff 00 00 d0 07
[21 09 00 02 00 00 07 00]: 4a 00 00 00 ff d0 07
[21 09 00 02 00 00 07 00]: 4a 02 00 ff 00 d0 07
[21 09 00 02 00 00 13 00]: 57 11 09 29 41 df 76 27 92 c5 95 48 1d 40 ef a4 8f c4 a6
[21 09 00 02 00 00 03 00]: 51 11 09
[21 09 00 02 00 00 13 00]: 57 11 0d d7 c8 7e a5 85 68 76 f2 e1 cb b6 30 e1 d1 75 8a
[21 09 00 02 00 00 03 00]: 51 11 0d
[21 09 00 02 00 00 07 00]: 4a 00 ff 00 00 d0 07
[21 09 00 02 00 00 13 00]: 57 11 15 7d 3b 11 7d b6 1f a9 bd 77 ce ea b9 3f ff 3c 4c
[21 09 00 02 00 00 03 00]: 51 11 15
[21 09 00 02 00 00 07 00]: 4a 02 00 00 ff d0 07
[21 09 00 02 00 00 13 00]: 57 11 21 13 89 dd 56 cd 95 5d e1 76 90 6f be 0e be fc 83
[21 09 00 02 00 00 03 00]: 51 11 21
[21 09 00 02 00 00 13 00]: 57 11 08 3d c3 e9 6d 09 7a b2 7c f4 8a 5a 51 90 13 aa d3
[21 09 00 02 00 00 03 00]: 51 11 08
[21 09 00 02 00 00 07 00]: 4a 00 00 00 00 64 00
[21 09 00 02 00 00 07 00]: 4a 02 00 00 00 64 00
[21 09 00 02 00 00 07 00]: 4a 00 00 ff 00 fa 00
[21 09 00 02 00 00 07 00]: 4a 02 00 ff 00 fa 00
[21 09 00 02 00 00 07 00]: 4a 02 1e 78 1e f4 01
[21 09 00 02 00 00 07 00]: 4a 00 1e 78 1e f4 01
[21 09 00 02 00 00 07 00]: 4a 02 00 ff 00 f4 01
[21 09 00 02 00 00 07 00]: 4a 00 00 ff 00 f4 01
[21 09 00 02 00 00 07 00]: 4a 02 1e 78 1e f4 01
[21 09 00 02 00 00 07 00]: 4a 00 1e 78 1e f4 01
[21 09 00 02 00 00 07 00]: 4a 02 00 ff 00 f4 01
[21 09 00 02 00 00 07 00]: 4a 00 00 ff 00 f4 01
[21 09 00 02 00 00 07 00]: 4a 02 1e 78 1e f4 01
[21 09 00 02 00 00 07 00]: 4a 00 1e 78 1e f4 01
[21 09 00 02 00 00 07 00]: 4a 02 00 ff 00 f4 01
[21 09 00 02 00 00 07 00]: 4a 00 00 ff 00 f4 01
[21 09 00 02 00 00 07 00]: 4a 02 1e 78 1e f4 01
[21 09 00 02 00 00 02 00]: 4d 01
[21 09 00 02 00 00 02 00]: 4d 01
[21 09 00 02 00 00 02 00]: 4d 01
[21 09 00 02 00 00 02 00]: 4d 01
[21 09 00 02 00 00 04 00]: 43 00 00 00
[21 09 00 02 00 00 05 00]: 4c 00 00 16 00
[21 09 00 02 00 00 02 00]: 4d 00
[21 09 00 02 00 00 02 00]: 4d 00
[21 09 00 02 00 00 05 00]: 4c 00 00 64 00
[21 09 00 02 00 00 05 00]: 4c 00 00 88 00
[21 09 00 02 00 00 05 00]: 4c 00 1b aa 00
[21 09 00 02 00 00 05 00]: 4c 00 2b b4 08
[21 09 00 02 00 00 05 00]: 4c 02 10 8e 32
[21 09 00 02 00 00 02 00]: 4d 01
[21 09 00 02 00 00 02 00]: 4d 01
[21 09 00 02 00 00 02 00]: 4d 01
[21 09 00 02 00 00 02 00]: 4d 01
[21 09 00 02 00 00 02 00]: 4d 00
[21 09 00 02 00 00 02 00]: 4d 01
[21 09 00 02 00 00 02 00]: 4d 01
[21 09 00 02 00 00 02 00]: 4d 01
[21 09 00 02 00 00 02 00]: 4d 01
[21 09 00 02 00 00 07 00]: 4a 00 00 ff 00 d0 07
[21 09 00 02 00 00 07 00]: 4a 02 ff 00 00 d0 07
[21 09 00 02 00 00 02 00]: 4d 00
[21 09 00 02 00 00 02 00]: 4d 01
[21 09 00 02 00 00 02 00]: 4d 01
[21 09 00 02 00 00 02 00]: 4d 01
[21 09 00 02 00 00 02 00]: 4d 01
[21 09 00 02 00 00 07 00]: 4a 00 00 00 ff d0 07
[21 09 00 02 00 00 07 00]: 4a 02 00 ff 00 d0 07
[21 09 00 02 00 00 04 00]: 43 00 00 00
[21 09 00 02 00 00 02 00]: 4d 00
[21 09 00 02 00 00 05 00]: 4c 00 00 1d 17
[21 09 00 02 00 00 05 00]: 4c 00 00 4c 4e
[21 09 00 02 00 00 05 00]: 4c 00 00 70 7a
[21 09 00 02 00 00 05 00]: 4c 00 00 77 87
[21 09 00 02 00 00 05 00]: 4c 02 77 87 00
[21 09 00 02 00 00 07 00]: 4a 00 ff 00 00 d0 07
[21 09 00 02 00 00 07 00]: 4a 02 00 00 ff d0 07
[21 09 00 02 00 00 07 00]: 4a 00 00 ff 00 d0 07
[21 09 00 02 00 00 07 00]: 4a 02 ff 00 00 d0 07
[21 09 00 02 00 00 07 00]: 4a 00 00 00 ff d0 07
[21 09 00 02 00 00 07 00]: 4a 02 00 ff 00 d0 07
[21 09 00 02 00 00 07 00]: 4a 00 ff 00 00 d0 07
[21 09 00 02 00 00 07 00]: 4a 02 00 00 ff d0 07
[21 09 00 02 00 00 07 00]: 4a 00 00 ff 00 d0 07
[21 09 00 02 00 00 07 00]: 4a 02 ff 00 00 d0 07
[21 09 00 02 00 00 07 00]: 4a 00 00 00 ff d0 07
[21 09 00 02 00 00 07 00]: 4a 02 00 ff 00 d0 07
[21 09 00 02 00 00 07 00]: 4a 00 ff 00 00 d0 07
[21 09 00 02 00 00 07 00]: 4a 02 00 00 ff d0 07
[21 09 00 02 00 00 13 00]: 57 11 25 0f 32 97 6b 86 0d 04 60 82 83 1a 7b 11 d6 11 1e
[21 09 00 02 00 00 03 00]: 51 11 25
[21 09 00 02 00 00 13 00]: 57 11 29 0b d3 12 bb 91 3c 54 ae 33 1c 76 43 94 08 2a a2
[21 09 00 02 00 00 03 00]: 51 11 29
[21 09 00 02 00 00 13 00]: 57 11 2d af f3 0c f6 77 97 a6 f3 48 d9 ff ef 56 34 57 d1
[21 09 00 02 00 00 03 00]: 51 11 2d
[21 09 00 02 00 00 13 00]: 57 11 3d 88 ff ad cb 11 6f 55 fa d6 1e 81 48 55 ab 50 f5
[21 09 00 02 00 00 03 00]: 51 11 3d
[21 09 00 02 00 00 13 00]: 57 11 24 32 9a 71 41 47 56 c9 a6 20 1e cd b9 66 23 6a 84
[21 09 00 02 00 00 03 00]: 51 11 24
[21 09 00 02 00 00 07 00]: 4a 00 00 ff 00 d0 07
[21 09 00 02 00 00 07 00]: 4a 02 ff 00 00 d0 07
[21 09 00 02 00 00 07 00]: 4a 00 00 00 00 64 00
[21 09 00 02 00 00 07 00]: 4a 02 00 00 00 64 00
[21 09 00 02 00 00 07 00]: 4a 00 00 ff 00 fa 00
[21 09 00 02 00 00 07 00]: 4a 02 00 ff 00 fa 00
[21 09 00 02 00 00 07 00]: 4a 02 1e 78 1e f4 01
[21 09 00 02 00 00 07 00]: 4a 00 1e 78 1e f4 01
[21 09 00 02 00 00 07 00]: 4a 02 00 ff 00 f4 01
[21 09 00 02 00 00 07 00]: 4a 00 00 ff 00 f4 01
[21 09 00 02 00 00 07 00]: 4a 02 1e 78 1e f4 01
[21 09 00 02 00 00 07 00]: 4a 00 1e 78 1e f4 01
[21 09 00 02 00 00 07 00]: 4a 02 00 ff 00 f4 01
[21 09 00 02 00 00 07 00]: 4a 00 00 ff 00 f4 01
[21 09 00 02 00 00 07 00]: 4a 02 1e 78 1e f4 01
[21 09 00 02 00 00 07 00]: 4a 00 1e 78 1e f4 01
[21 09 00 02 00 00 07 00]: 4a 02 00 ff 00 f4 01
[21 09 00 02 00 00 07 00]: 4a 00 00 ff 00 f4 01
[21 09 00 02 00 00 07 00]: 4a 02 1e 78 1e f4 01
[21 09 00 02 00 00 02 00]: 4d 01
[21 09 00 02 00 00 02 00]: 4d 01
[21 09 00 02 00 00 04 00]: 43 00 00 00
[21 09 00 02 00 00 05 00]: 4c 02 00 05 00
[21 09 00 02 00 00 05 00]: 4c 00 00 27 00
[21 09 00 02 00 00 05 00]: 4c 02 00 1d 00
[21 09 00 02 00 00 02 00]: 4d 00
[21 09 00 02 00 00 05 00]: 4c 00 00 53 00
[21 09 00 02 00 00 05 00]: 4c 00 00 7e 00
[21 09 00 02 00 00 05 00]: 4c 00 00 ad 00
[21 09 00 02 00 00 05 00]: 4c 00 10 cb 08
[21 09 00 02 00 00 05 00]: 4c 02 13 9e 1b
[21 09 00 02 00 00 02 00]: 4d 01
[21 09 00 02 00 00 02 00]: 4d 01
[21 09 00 02 00 00 02 00]: 4d 01
[21 09 00 02 00 00 02 00]: 4d 01
[21 09 00 02 00 00 02 00]: 4d 00
[21 09 00 02 00 00 02 00]: 4d 01
[21 09 00 02 00 00 02 00]: 4d 01
[21 09 00 02 00 00 02 00]: 4d 01
[21 09 00 02 00 00 02 00]: 4d 01
[21 09 00 02 00 00 07 00]: 4a 00 00 ff 00 d0 07
[21 09 00 02 00 00 07 00]: 4a 02 ff 00 00 d0 07
[21 09 00 02 00 00 04 00]: 43 00 00 00
[21 09 00 02 00 00 05 00]: 4c 00 00 0a 00
[21 09 00 02 00 00 05 00]: 4c 02 0a 00 00
[21 09 00 02 00 00 05 00]: 4c 00 00 39 00
[21 09 00 02 00 00 05 00]: 4c 02 39 00 00
[21 09 00 02 00 00 02 00]: 4d 00
[21 09 00 02 00 00 05 00]: 4c 00 00 60 00
[21 09 00 02 00 00 05 00]: 4c 00 00 87 00
[21 09 00 02 00 00 05 00]: 4c 00 26 be 00
[21 09 00 02 00 00 05 00]: 4c 00 30 ce 00
[21 09 00 02 00 00 05 00]: 4c 02 ce 00 30
[21 09 00 02 00 00 07 00]: 4a 00 00 00 ff d0 07
[21 09 00 02 00 00 07 00]: 4a 02 00 ff 00 d0 07
[21 09 00 02 00 00 07 00]: 4a 00 ff 00 00 d0 07
[21 09 00 02 00 00 07 00]: 4a 02 00 00 ff d0 07
[21 09 00 02 00 00 13 00]: 57 11 09 eb 4a 55 c4 fa 88 51 f2 56 76 fa 37 33 36 6b 7f
[21 09 00 02 00 00 03 00]: 51 11 09
[21 09 00 02 00 00 13 00]: 57 11 11 36 f6 04 1e 02 66 04 d4 6c 98 f4 30 ce 3f 2f 6a
[21 09 00 02 00 00 03 00]: 51 11 11
[21 09 00 02 00 00 13 00]: 57 11 15 70 ee e3 cb 43 a5 10 3d 48 d4 83 d2 d1 d5 df 72
[21 09 00 02 00 00 03 00]: 51 11 15
[21 09 00 02 00 00 13 00]: 57 11 21 8f 7c 75 d5 0e 04 ae ed c0 fb 72 e4 9a 31 be 1a
[21 09 00 02 00 00 03 00]: 51 11 21
[21 09 00 02 00 00 13 00]: 57 11 08 ed 15 e5 59 d0 3f d1 b3 4f e6 dc 7b 88 4f 57 d3
[21 09 00 02 00 00 03 00]: 51 11 08
[21 09 00 02 00 00 07 00]: 4a 00 00 00 00 64 00
[21 09 00 02 00 00 07 00]: 4a 02 00 00 00 64 00
[21 09 00 02 00 00 07 00]: 4a 00 00 ff 00 fa 00
[21 09 00 02 00 00 07 00]: 4a 02 00 ff 00 fa 00
[21 09 00 02 00 00 07 00]: 4a 02 1e 78 1e f4 01
[21 09 00 02 00 00 07 00]: 4a 00 1e 78 1e f4 01
[21 09 00 02 00 00 07 00]: 4a 02 00 ff 00 f4 01
[21 09 00 02 00 00 07 00]: 4a 00 00 ff 00 f4 01
[21 09 00 02 00 00 07 00]: 4a 02 1e 78 1e f4 01
[21 09 00 02 00 00 07 00]: 4a 00 1e 78 1e f4 01
[21 09 00 02 00 00 07 00]: 4a 02 00 ff 00 f4 01
[21 09 00 02 00 00 07 00]: 4a 00 00 ff 00 f4 01
[21 09 00 02 00 00 07 00]: 4a 02 1e 78 1e f4 01
[21 09 00 02 00 00 07 00]: 4a 00 1e 78 1e f4 01
[21 09 00 02 00 00 07 00]: 4a 02 00 ff 00 f4 01
[21 09 00 02 00 00 07 00]: 4a 00 00 ff 00 f4 01
[21 09 00 02 00 00 07 00]: 4a 02 1e 78 1e f4 01
[21 09 00 02 00 00 02 00]: 4d 01
[21 09 00 02 00 00 02 00]: 4d 01
[21 09 00 02 00 00 02 00]: 4d 01
[21 09 00 02 00 00 02 00]: 4d 01
[21 09 00 02 00 00 04 00]: 43 00 00 00
[21 09 00 02 00 00 05 00]: 4c 02 00 0f 00
[21 09 00 02 00 00 05 00]: 4c 02 00 28 00
[21 09 00 02 00 00 02 00]: 4d 00
[21 09 00 02 00 00 05 00]: 4c 00 00 03 00
[21 09 00 02 00 00 05 00]: 4c 00 00 2e 00
[21 09 00 02 00 00 05 00]: 4c 00 00 5e 00
[21 09 00 02 00 00 05 00]: 4c 00 06 8b 00
[21 09 00 02 00 00 05 00]: 4c 00 1d 9d 12
[21 09 00 02 00 00 05 00]: 4c 02 09 c7 14
[21 09 00 02 00 00 02 00]: 4d 01
[21 09 00 02 00 00 02 00]: 4d 01
[21 09 00 02 00 00 02 00]: 4d 01
[21 09 00 02 00 00 02 00]: 4d 01
[21 09 00 02 00 00 02 00]: 4d 00
[21 09 00 02 00 00 02 00]: 4d 01
[21 09 00 02 00 00 02 00]: 4d 01
[21 09 00 02 00 00 02 00]: 4d 01
[21 09 00 02 00 00 02 00]: 4d 01
[21 09 00 02 00 00 07 00]: 4a 00 00 ff 00 d0 07
[21 09 00 02 00 00 07 00]: 4a 02 ff 00 00 d0 07
[21 09 00 02 00 00 02 00]: 4d 00
[21 09 00 02 00 00 02 00]: 4d 01
[21 09 00 02 00 00 02 00]: 4d 01
[21 09 00 02 00 00 02 00]: 4d 01
[21 09 00 02 00 00 02 00]: 4d 01
[21 09 00 02 00 00 04 00]: 43 00 00 00
[21 09 00 02 00 00 05 00]: 4c 00 00 1c 00
[21 09 00 02 00 00 05 00]: 4c 02 1c 00 00
[21 09 00 02 00 00 05 00]: 4c 00 00 43 00
[21 09 00 02 00 00 05 00]: 4c 02 43 00 00
[21 09 00 02 00 00 02 00]: 4d 00
[21 09 00 02 00 00 05 00]: 4c 00 00 65 00
[21 09 00 02 00 00 05 00]: 4c 00 00 86 00
[21 09 00 02 00 00 05 00]: 4c 00 00 b5 00
[21 09 00 02 00 00 05 00]: 4c 00 00 d9 0f
[21 09 00 02 00 00 05 00]: 4c 00 00 e1 1d
[21 09 00 02 00 00 05 00]: 4c 02 e1 1d 00
[21 09 00 02 00 00 07 00]: 4a 00 ff 00 00 d0 07
[21 09 00 02 00 00 07 00]: 4a 02 00 00 ff d0 07
[21 09 00 02 00 00 13 00]: 57 11 25 d0 d7 ad 3c 1a 90 bd bd 70 33 a3 ca 0a 7f 89 da
[21 09 00 02 00 00 03 00]: 51 11 25
[21 09 00 02 00 00 13 00]: 57 11 29 50 16 ed 70 8b 6f b1 32 9d 0c cc 51 ae 57 48 d0
[21 09 00 02 00 00 03 00]: 51 11 29
[21 09 00 02 00 00 13 00]: 57 11 31 0a 06 cb 39 f2 09 75 8e f6 13 41 83 b3 3f 9f 07
[21 09 00 02 00 00 03 00]: 51 11 31
[21 09 00 02 00 00 13 00]: 57 11 3d 6b a6 df 66 f7 86 73 af 58 34 45 87 fe f7 3d d8
[21 09 00 02 00 00 03 00]: 51 11 3d
[21 09 00 02 00 00 13 00]: 57 11 24 7e 87 ec 20 40 95 2f d0 cf 5e 58 2a 9d f2 57 0d
[21 09 00 02 00 00 03 00]: 51 11 24
[21 09 00 02 00 00 07 00]: 4a 00 00 ff 00 d0 07
[21 09 00 02 00 00 07 00]: 4a 02 ff 00 00 d0 07
[21 09 00 02 00 00 07 00]: 4a 00 00 00 00 64 00
[21 09 00 02 00 00 07 00]: 4a 02 00 00 00 64 00
[21 09 00 02 00 00 07 00]: 4a 00 00 ff 00 fa 00
[21 09 00 02 00 00 07 00]: 4a 02 00 ff 00 fa 00
[21 09 00 02 00 00 07 00]: 4a 02 1e 78 1e f4 01
[21 09 00 02 00 00 07 00]: 4a 00 1e 78 1e f4 01
[21 09 00 02 00 00 07 00]: 4a 02 00 ff 00 f4 01
[21 09 00 02 00 00 07 00]: 4a 00 00 ff 00 f4 01
[21 09 00 02 00 00 07 00]: 4a 02 1e 78 1e f4 01
[21 09 00 02 00 00 07 00]: 4a 00 1e 78 1e f4 01
[21 09 00 02 00 00 07 00]: 4a 02 00 ff 00 f4 01
[21 09 00 02 00 00 07 00]: 4a 00 00 ff 00 f4 01
[21 09 00 02 00 00 07 00]: 4a 02 1e 78 1e f4 01
[21 09 00 02 00 00 07 00]: 4a 00 1e 78 1e f4 01
[21 09 00 02 00 00 07 00]: 4a 02 00 ff 00 f4 01
[21 09 00 02 00 00 07 00]: 4a 00 00 ff 00 f4 01
[21 09 00 02 00 00 07 00]: 4a 02 1e 78 1e f4 01
[21 09 00 02 00 00 02 00]: 4d 01
[21 09 00 02 00 00 04 00]: 43 00 00 00
[21 09 00 02 00 00 05 00]: 4c 00 00 10 00
[21 09 00 02 00 00 05 00]: 4c 00 00 29 00
[21 09 00 02 00 00 02 00]: 4d 00
[21 09 00 02 00 00 05 00]: 4c 00 00 41 00
[21 09 00 02 00 00 05 00]: 4c 00 00 5a 00
[21 09 00 02 00 00 05 00]: 4c 00 00 74 00
[21 09 00 02 00 00 05 00]: 4c 00 00 8c 00
[21 09 00 02 00 00 05 00]: 4c 00 00 a6 00
[21 09 00 02 00 00 05 00]: 4c 00 12 ad 12
[21 09 00 02 00 00 05 00]: 4c 02 0b c9 0b
[21 09 00 02 00 00 02 00]: 4d 01
[21 09 00 02 00 00 02 00]: 4d 01
[21 09 00 02 00 00 02 00]: 4d 01
[21 09 00 02 00 00 02 00]: 4d 01
[21 09 00 02 00 00 02 00]: 4d 01
[21 09 00 02 00 00 02 00]: 4d 01
[21 09 00 02 00 00 02 00]: 4d 01
[21 09 00 02 00 00 02 00]: 4d 00
[21 09 00 02 00 00 02 00]: 4d 01
[21 09 00 02 00 00 02 00]: 4d 01
[21 09 00 02 00 00 02 00]: 4d 01
[21 09 00 02 00 00 02 00]: 4d 01
[21 09 00 02 00 00 04 00]: 43 00 00 00
[21 09 00 02 00 00 05 00]: 4c 00 05 00 00
[21 09 00 02 00 00 05 00]: 4c 02 00 00 05
[21 09 00 02 00 00 05 00]: 4c 00 28 00 00
[21 09 00 02 00 00 05 00]: 4c 02 00 00 28
[21 09 00 02 00 00 02 00]: 4d 00
[21 09 00 02 00 00 05 00]: 4c 00 51 00 00
[21 09 00 02 00 00 05 00]: 4c 00 72 00 00
[21 09 00 02 00 00 05 00]: 4c 00 92 00 00
[21 09 00 02 00 00 05 00]: 4c 00 c0 24 00
[21 09 00 02 00 00 05 00]: 4c 00 ca 34 00
[21 09 00 02 00 00 05 00]: 4c 02 34 00 ca
[21 09 00 02 00 00 07 00]: 4a 00 00 00 ff d0 07
[21 09 00 02 00 00 07 00]: 4a 02 00 ff 00 d0 07
[21 09 00 02 00 00 07 00]: 4a 00 ff 00 00 d0 07
[21 09 00 02 00 00 07 00]: 4a 02 00 00 ff d0 07
[21 09 00 02 00 00 13 00]: 57 11 09 29 41 df 76 27 92 c5 95 48 1d 40 ef a4 8f c4 a6
[21 09 00 02 00 00 03 00]: 51 11 09
[21 09 00 02 00 00 13 00]: 57 11 0d 74 ec 65 27 69 f8 df da 2d 5a ba fa 85 cd d9 7a
[21 09 00 02 00 00 03 00]: 51 11 0d
[21 09 00 02 00 00 13 00]: 57 11 11 9c c0 f5 51 9a b5 3c 4d 76 bf b2 32 69 f3 57 44
[21 09 00 02 00 00 03 00]: 51 11 11
[21 09 00 02 00 00 13 00]: 57 11 21 de dc 88 b6 c0 03 eb 4d b7 8f ae fb e2 d0 ca 37
[21 09 00 02 00 00 03 00]: 51 11 21
[21 09 00 02 00 00 13 00]: 57 11 08 1e ec 1b d9 a8 45 d0 89 4f f2 2e d7 37 3f 5d 7d
[21 09 00 02 00 00 03 00]: 51 11 08
[21 09 00 02 00 00 07 00]: 4a 00 00 ff 00 d0 07
[21 09 00 02 00 00 07 00]: 4a 02 ff 00 00 d0 07
[21 09 00 02 00 00 07 00]: 4a 00 00 00 00 64 00
[21 09 00 02 00 00 07 00]: 4a 02 00 00 00 64 00
[21 09 00 02 00 00 07 00]: 4a 00 00 ff 00 fa 00
[21 09 00 02 00 00 07 00]: 4a 02 00 ff 00 fa 00
[21 09 00 02 00 00 07 00]: 4a 02 1e 78 1e f4 01
[21 09 00 02 00 00 07 00]: 4a 00 1e 78 1e f4 01
[21 09 00 02 00 00 07 00]: 4a 02 00 ff 00 f4 01
[21 09 00 02 00 00 07 00]: 4a 00 00 ff 00 f4 01
[21 09 00 02 00 00 07 00]: 4a 02 1e 78 1e f4 01
[21 09 00 02 00 00 07 00]: 4a 00 1e 78 1e f4 01
[21 09 00 02 00 00 07 00]: 4a 02 00 ff 00 f4 01
[21 09 00 02 00 00 07 00]: 4a 00 00 ff 00 f4 01
[21 09 00 02 00 00 07 00]: 4a 02 1e 78 1e f4 01
[21 09 00 02 00 00 07 00]: 4a 00 1e 78 1e f4 01
[21 09 00 02 00 00 07 00]: 4a 02 00 ff 00 f4 01
[21 09 00 02 00 00 07 00]: 4a 00 00 ff 00 f4 01
[21 09 00 02 00 00 07 00]: 4a 02 1e 78 1e f4 01
[21 09 00 02 00 00 02 00]: 4d 01
[21 09 00 02 00 00 02 00]: 4d 01
[21 09 00 02 00 00 02 00]: 4d 01
[21 09 00 02 00 00 02 00]: 4d 01
[21 09 00 02 00 00 04 00]: 43 00 00 00
[21 09 00 02 00 00 05 00]: 4c 00 00 14 00
[21 09 00 02 00 00 02 00]: 4d 00
[21 09 00 02 00 00 02 00]: 4d 00
[21 09 00 02 00 00 05 00]: 4c 00 00 62 00
[21 09 00 02 00 00 05 00]: 4c 00 00 83 00
[21 09 00 02 00 00 05 00]: 4c 00 14 a5 00
[21 09 00 02 00 00 05 00]: 4c 00 2a b5 07
[21 09 00 02 00 00 05 00]: 4c 02 11 8d 33
[21 09 00 02 00 00 02 00]: 4d 01
[21 09 00 02 00 00 02 00]: 4d 01
[21 09 00 02 00 00 02 00]: 4d 01
[21 09 00 02 00 00 02 00]: 4d 01
[21 09 00 02 00 00 02 00]: 4d 01
[21 09 00 02 00 00 02 00]: 4d 01
[21 09 00 02 00 00 02 00]: 4d 00
[21 09 00 02 00 00 02 00]: 4d 01
[21 09 00 02 00 00 02 00]: 4d 01
[21 09 00 02 00 00 02 00]: 4d 01
[21 09 00 02 00 00 02 00]: 4d 01
[21 09 00 02 00 00 07 00]: 4a 00 00 ff 00 d0 07
[21 09 00 02 00 00 07 00]: 4a 02 ff 00 00 d0 07
[21 09 00 02 00 00 02 00]: 4d 00
[21 09 00 02 00 00 02 00]: 4d 01
[21 09 00 02 00 00 02 00]: 4d 01
[21 09 00 02 00 00 02 00]: 4d 01
[21 09 00 02 00 00 02 00]: 4d 01
[21 09 00 02 00 00 07 00]: 4a 00 00 00 ff d0 07
[21 09 00 02 00 00 07 00]: 4a 02 00 ff 00 d0 07
[21 09 00 02 00 00 04 00]: 43 00 00 00
[21 09 00 02 00 00 05 00]: 4c 00 00 08 00
[21 09 00 02 00 00 05 00]: 4c 02 08 00 00
[21 09 00 02 00 00 02 00]: 4d 00
[21 09 00 02 00 00 05 00]: 4c 00 00 30 00
[21 09 00 02 00 00 05 00]: 4c 00 00 50 00
[21 09 00 02 00 00 05 00]: 4c 00 00 6d 05
[21 09 00 02 00 00 05 00]: 4c 00 00 9c 3c
[21 09 00 02 00 00 05 00]: 4c 00 00 ac 52
[21 09 00 02 00 00 05 00]: 4c 02 ac 52 00
[21 09 00 02 00 00 07 00]: 4a 00 ff 00 00 d0 07
[21 09 00 02 00 00 07 00]: 4a 02 00 00 ff d0 07
[21 09 00 02 00 00 13 00]: 57 11 25 0f 32 97 6b 86 0d 04 60 82 83 1a 7b 11 d6 11 1e
[21 09 00 02 00 00 03 00]: 51 11 25
[21 09 00 02 00 00 03 00]: 51 11 25
[21 09 00 02 00 00 13 00]: 57 11 2d a4 7f 6d ea d9 fa 2b bf b5 e6 69 d1 1b e2 0b 60
[21 09 00 02 00 00 03 00]: 51 11 2d
[21 09 00 02 00 00 13 00]: 57 11 31 1c 3c d7 5a 08 20 9f 16 eb 19 ea d6 28 d4 28 39
[21 09 00 02 00 00 03 00]: 51 11 31
[21 09 00 02 00 00 13 00]: 57 11 3d e8 69 19 f5 a5 03 73 78 e7 c5 e4 50 89 ca f6 06
[21 09 00 02 00 00 03 00]: 51 11 3d
[21 09 00 02 00 00 13 00]: 57 11 24 de fb f2 74 09 63 9a 78 a5 05 fc 1a 35 30 f0 22
[21 09 00 02 00 00 03 00]: 51 11 24
[21 09 00 02 00 00 07 00]: 4a 00 00 00 00 64 00
[21 09 00 02 00 00 07 00]: 4a 02 00 00 00 64 00
[21 09 00 02 00 00 07 00]: 4a 00 00 ff 00 fa 00
[21 09 00 02 00 00 07 00]: 4a 02 00 ff 00 fa 00
[21 09 00 02 00 00 07 00]: 4a 02 1e 78 1e f4 01
[21 09 00 02 00 00 07 00]: 4a 00 1e 78 1e f4 01
[21 09 00 02 00 00 07 00]: 4a 02 00 ff 00 f4 01
[21 09 00 02 00 00 07 00]: 4a 00 00 ff 00 f4 01
[21 09 00 02 00 00 07 00]: 4a 02 1e 78 1e f4 01
[21 09 00 02 00 00 07 00]: 4a 00 1e 78 1e f4 01
[21 09 00 02 00 00 07 00]: 4a 02 00 ff 00 f4 01
[21 09 00 02 00 00 07 00]: 4a 00 00 ff 00 f4 01
[21 09 00 02 00 00 07 00]: 4a 02 1e 78 1e f4 01
[21 09 00 02 00 00 07 00]: 4a 00 1e 78 1e f4 01
[21 09 00 02 00 00 07 00]: 4a 02 00 ff 00 f4 01
[21 09 00 02 00 00 07 00]: 4a 00 00 ff 00 f4 01
[21 09 00 02 00 00 07 00]: 4a 02 1e 78 1e f4 01
[21 09 00 02 00 00 02 00]: 4d 01
[21 09 00 02 00 00 04 00]: 43 00 00 00
[21 09 00 02 00 00 05 00]: 4c 02 00 06 00
[21 09 00 02 00 00 02 00]: 4d 00
[21 09 00 02 00 00 05 00]: 4c 00 00 28 00
[21 09 00 02 00 00 05 00]: 4c 00 00 52 00
[21 09 00 02 00 00 05 00]: 4c 00 00 7d 00
[21 09 00 02 00 00 05 00]: 4c 00 00 a9 00
[21 09 00 02 00 00 05 00]: 4c 00 0b d7 06
[21 09 00 02 00 00 05 00]: 4c 02 15 98 19
[21 09 00 02 00 00 02 00]: 4d 01
[21 09 00 02 00 00 02 00]: 4d 01
[21 09 00 02 00 00 02 00]: 4d 01
[21 09 00 02 00 00 02 00]: 4d 01
[21 09 00 02 00 00 02 00]: 4d 00
[21 09 00 02 00 00 02 00]: 4d 01
[21 09 00 02 00 00 02 00]: 4d 01
[21 09 00 02 00 00 02 00]: 4d 01
[21 09 00 02 00 00 02 00]: 4d 01
[21 09 00 02 00 00 07 00]: 4a 00 00 ff 00 d0 07
[21 09 00 02 00 00 07 00]: 4a 02 ff 00 00 d0 07
[21 09 00 02 00 00 02 00]: 4d 00
[21 09 00 02 00 00 02 00]: 4d 01
[21 09 00 02 00 00 07 00]: 4a 00 00 00 ff d0 07
[21 09 00 02 00 00 07 00]: 4a 02 00 ff 00 d0 07
[21 09 00 02 00 00 02 00]: 4d 00
[21 09 00 02 00 00 02 00]: 4d 01
[21 09 00 02 00 00 02 00]: 4d 01
[21 09 00 02 00 00 02 00]: 4d 01
[21 09 00 02 00 00 02 00]: 4d 01
[21 09 00 02 00 00 02 00]: 4d 00
[21 09 00 02 00 00 02 00]: 4d 01
[21 09 00 02 00 00 02 00]: 4d 01
[21 09 00 02 00 00 02 00]: 4d 01
[21 09 00 02 00 00 02 00]: 4d 01
[21 09 00 02 00 00 07 00]: 4a 00 ff 00 00 d0 07
[21 09 00 02 00 00 07 00]: 4a 02 00 00 ff d0 07
[21 09 00 02 00 00 02 00]: 4d 00
[21 09 00 02 00 00 02 00]: 4d 01
[21 09 00 02 00 00 07 00]: 4a 00 00 ff 00 d0 07
[21 09 00 02 00 00 07 00]: 4a 02 ff 00 00 d0 07
[21 09 00 02 00 00 02 00]: 4d 00
[21 09 00 02 00 00 02 00]: 4d 01
[21 09 00 02 00 00 02 00]: 4d 01
[21 09 00 02 00 00 02 00]: 4d 01
[21 09 00 02 00 00 02 00]: 4d 01
[21 09 00 02 00 00 02 00]: 4d 00
[21 09 00 02 00 00 02 00]: 4d 01
[21 09 00 02 00 00 02 00]: 4d 01
[21 09 00 02 00 00 02 00]: 4d 01
[21 09 00 02 00 00 02 00]: 4d 01
[21 09 00 02 00 00 07 00]: 4a 00 00 00 ff d0 07
[21 09 00 02 00 00 07 00]: 4a 02 00 ff 00 d0 07
[21 09 00 02 00 00 02 00]: 4d 00
[21 09 00 02 00 00 02 00]: 4d 01
[21 09 00 02 00 00 07 00]: 4a 00 ff 00 00 d0 07
[21 09 00 02 00 00 07 00]: 4a 02 00 00 ff d0 07
[21 09 00 02 00 00 02 00]: 4d 00
[21 09 00 02 00 00 02 00]: 4d 01
[21 09 00 02 00 00 02 00]: 4d 00
[21 09 00 02 00 00 02 00]: 4d 01
[21 09 00 02 00 00 07 00]: 4a 00 00 ff 00 d0 07
[21 09 00 02 00 00 07 00]: 4a 02 ff 00 00 d0 07
[21 09 00 02 00 00 02 00]: 4d 00
[21 09 00 02 00 00 02 00]: 4d 01
[21 09 00 02 00 00 07 00]: 4a 00 00 00 ff d0 07
[21 09 00 02 00 00 07 00]: 4a 02 00 ff 00 d0 07
[21 09 00 02 00 00 02 00]: 4d 00
[21 09 00 02 00 00 02 00]: 4d 01
[21 09 00 02 00 00 02 00]: 4d 00
[21 09 00 02 00 00 02 00]: 4d 01
[21 09 00 02 00 00 02 00]: 4d 01
[21 09 00 02 00 00 02 00]: 4d 01
[21 09 00 02 00 00 02 00]: 4d 01
[21 09 00 02 00 00 07 00]: 4a 00 ff 00 00 d0 07
[21 09 00 02 00 00 07 00]: 4a 02 00 00 ff d0 07
[21 09 00 02 00 00 02 00]: 4d 00
[21 09 00 02 00 00 02 00]: 4d 01
[21 09 00 02 00 00 02 00]: 4d 01
[21 09 00 02 00 00 02 00]: 4d 01
[21 09 00 02 00 00 02 00]: 4d 01
[21 09 00 02 00 00 07 00]: 4a 00 00 ff 00 d0 07
[21 09 00 02 00 00 07 00]: 4a 02 ff 00 00 d0 07
[21 09 00 02 00 00 02 00]: 4d 00
[21 09 00 02 00 00 02 00]: 4d 01
[21 09 00 02 00 00 02 00]: 4d 01
[21 09 00 02 00 00 02 00]: 4d 01
[21 09 00 02 00 00 02 00]: 4d 01
[21 09 00 02 00 00 02 00]: 4d 00
[21 09 00 02 00 00 02 00]: 4d 01
[21 09 00 02 00 00 02 00]: 4d 01
[21 09 00 02 00 00 02 00]: 4d 01
[21 09 00 02 00 00 02 00]: 4d 01
[21 09 00 02 00 00 07 00]: 4a 00 00 00 ff d0 07
[21 09 00 02 00 00 07 00]: 4a 02 00 ff 00 d0 07
[21 09 00 02 00 00 02 00]: 4d 00
[21 09 00 02 00 00 02 00]: 4d 01
[21 09 00 02 00 00 02 00]: 4d 01
[21 09 00 02 00 00 02 00]: 4d 01
[21 09 00 02 00 00 02 00]: 4d 01
[21 09 00 02 00 00 07 00]: 4a 00 ff 00 00 d0 07
[21 09 00 02 00 00 07 00]: 4a 02 00 00 ff d0 07
[21 09 00 02 00 00 02 00]: 4d 00
[21 09 00 02 00 00 02 00]: 4d 01
[21 09 00 02 00 00 02 00]: 4d 00
[21 09 00 02 00 00 02 00]: 4d 01
[21 09 00 02 00 00 02 00]: 4d 01
[21 09 00 02 00 00 02 00]: 4d 01
[21 09 00 02 00 00 02 00]: 4d 01
[21 09 00 02 00 00 07 00]: 4a 00 00 ff 00 d0 07
[21 09 00 02 00 00 07 00]: 4a 02 ff 00 00 d0 07
[21 09 00 02 00 00 02 00]: 4d 00
[21 09 00 02 00 00 02 00]: 4d 01
[21 09 00 02 00 00 02 00]: 4d 01
[21 09 00 02 00 00 02 00]: 4d 01
[21 09 00 02 00 00 02 00]: 4d 01
[21 09 00 02 00 00 07 00]: 4a 00 00 00 ff d0 07
[21 09 00 02 00 00 07 00]: 4a 02 00 ff 00 d0 07
[21 09 00 02 00 00 02 00]: 4d 00
[21 09 00 02 00 00 02 00]: 4d 01
[21 09 00 02 00 00 02 00]: 4d 01
[21 09 00 02 00 00 02 00]: 4d 01
[21 09 00 02 00 00 02 00]: 4d 01
[21 09 00 02 00 00 02 00]: 4d 00
[21 09 00 02 00 00 02 00]: 4d 01
[21 09 00 02 00 00 02 00]: 4d 01
[21 09 00 02 00 00 02 00]: 4d 01
[21 09 00 02 00 00 02 00]: 4d 01
[21 09 00 02 00 00 07 00]: 4a 00 ff 00 00 d0 07
[21 09 00 02 00 00 07 00]: 4a 02 00 00 ff d0 07
[21 09 00 02 00 00 02 00]: 4d 00
[21 09 00 02 00 00 02 00]: 4d 01
[21 09 00 02 00 00 02 00]: 4d 01
[21 09 00 02 00 00 02 00]: 4d 01
[21 09 00 02 00 00 02 00]: 4d 01
[21 09 00 02 00 00 07 00]: 4a 00 00 ff 00 d0 07
[21 09 00 02 00 00 07 00]: 4a 02 ff 00 00 d0 07
[21 09 00 02 00 00 02 00]: 4d 00
[21 09 00 02 00 00 02 00]: 4d 01
[21 09 00 02 00 00 02 00]: 4d 01
[21 09 00 02 00 00 02 00]: 4d 01
[21 09 00 02 00 00 02 00]: 4d 01
[21 09 00 02 00 00 02 00]: 4d 00
[21 09 00 02 00 00 02 00]: 4d 01
[21 09 00 02 00 00 02 00]: 4d 01
[21 09 00 02 00 00 02 00]: 4d 01
[21 09 00 02 00 00 02 00]: 4d 01
[21 09 00 02 00 00 07 00]: 4a 00 00 00 ff d0 07
[21 09 00 02 00 00 07 00]: 4a 02 00 ff 00 d0 07
[21 09 00 02 00 00 02 00]: 4d 00
[21 09 00 02 00 00 02 00]: 4d 01
[21 09 00 02 00 00 02 00]: 4d 01
[21 09 00 02 00 00 02 00]: 4d 01
[21 09 00 02 00 00 02 00]: 4d 01
[21 09 00 02 00 00 07 00]: 4a 00 ff 00 00 d0 07
[21 09 00 02 00 00 07 00]: 4a 02 00 00 ff d0 07
[21 09 00 02 00 00 02 00]: 4d 00
[21 09 00 02 00 00 02 00]: 4d 01
[21 09 00 02 00 00 02 00]: 4d 01
[21 09 00 02 00 00 02 00]: 4d 01
[21 09 00 02 00 00 02 00]: 4d 01
[21 09 00 02 00 00 02 00]: 4d 01
[21 09 00 02 00 00 02 00]: 4d 01
[21 09 00 02 00 00 02 00]: 4d 01
[21 09 00 02 00 00 02 00]: 4d 01
[21 09 00 02 00 00 02 00]: 4d 01
[21 09 00 02 00 00 02 00]: 4d 01
[21 09 00 02 00 00 02 00]: 4d 01
[21 09 00 02 00 00 02 00]: 4d 01
[21 09 00 02 00 00 02 00]: 4d 00
[21 09 00 02 00 00 02 00]: 4d 01
[21 09 00 02 00 00 07 00]: 4a 00 00 ff 00 d0 07
[21 09 00 02 00 00 07 00]: 4a 02 ff 00 00 d0 07
[21 09 00 02 00 00 02 00]: 4d 00
[21 09 00 02 00 00 02 00]: 4d 01
[21 09 00 02 00 00 02 00]: 4d 01
[21 09 00 02 00 00 02 00]: 4d 01
[21 09 00 02 00 00 02 00]: 4d 01
[21 09 00 02 00 00 07 00]: 4a 00 00 00 ff d0 07
[21 09 00 02 00 00 07 00]: 4a 02 00 ff 00 d0 07
[21 09 00 02 00 00 02 00]: 4d 00
[21 09 00 02 00 00 02 00]: 4d 01
[21 09 00 02 00 00 02 00]: 4d 01
[21 09 00 02 00 00 02 00]: 4d 01
[21 09 00 02 00 00 02 00]: 4d 01
[21 09 00 02 00 00 04 00]: 43 00 00 00
[21 09 00 02 00 00 05 00]: 4c 00 00 1a 00
[21 09 00 02 00 00 05 00]: 4c 02 1a 00 00
[21 09 00 02 00 00 02 00]: 4d 00
[21 09 00 02 00 00 05 00]: 4c 00 00 3e 04
[21 09 00 02 00 00 05 00]: 4c 00 00 5e 2a
[21 09 00 02 00 00 05 00]: 4c 00 00 8d 61
[21 09 00 02 00 00 05 00]: 4c 00 00 91 6d
[21 09 00 02 00 00 05 00]: 4c 02 91 6d 00
[21 09 00 02 00 00 07 00]: 4a 00 ff 00 00 d0 07
[21 09 00 02 00 00 07 00]: 4a 02 00 00 ff d0 07
[21 09 00 02 00 00 07 00]: 4a 00 00 ff 00 d0 07
[21 09 00 02 00 00 07 00]: 4a 02 ff 00 00 d0 07
[21 09 00 02 00 00 13 00]: 57 11 09 eb 4a 55 c4 fa 88 51 f2 56 76 fa 37 33 36 6b 7f
[21 09 00 02 00 00 03 00]: 51 11 09
[21 09 00 02 00 00 13 00]: 57 11 0d 59 41 e4 d1 7b 6b 53 82 4a 85 55 7b fe 68 56 86
[21 09 00 02 00 00 03 00]: 51 11 0d
[21 09 00 02 00 00 13 00]: 57 11 15 40 ed 9d 71 38 7c 85 63 9a 26 fc c7 65 c5 ff 04
[21 09 00 02 00 00 03 00]: 51 11 15
[21 09 00 02 00 00 13 00]: 57 11 21 09 10 ee 62 f2 2e c6 67 ad 1b 2a 0a ae 1b 12 ce
[21 09 00 02 00 00 03 00]: 51 11 21
[21 09 00 02 00 00 13 00]: 57 11 08 db f2 6f b9 e7 05 25 bb c6 8e 8e fe 76 8a 3c dc
[21 09 00 02 00 00 03 00]: 51 11 08
[21 09 00 02 00 00 07 00]: 4a 00 00 00 00 64 00
[21 09 00 02 00 00 07 00]: 4a 02 00 00 00 64 00
[21 09 00 02 00 00 07 00]: 4a 00 00 ff 00 fa 00
[21 09 00 02 00 00 07 00]: 4a 02 00 ff 00 fa 00
[21 09 00 02 00 00 07 00]: 4a 02 1e 78 1e f4 01
[21 09 00 02 00 00 07 00]: 4a 00 1e 78 1e f4 01
[21 09 00 02 00 00 07 00]: 4a 02 00 ff 00 f4 01
[21 09 00 02 00 00 07 00]: 4a 00 00 ff 00 f4 01
[21 09 00 02 00 00 07 00]: 4a 02 1e 78 1e f4 01
[21 09 00 02 00 00 07 00]: 4a 00 1e 78 1e f4 01
[21 09 00 02 00 00 07 00]: 4a 02 00 ff 00 f4 01
[21 09 00 02 00 00 07 00]: 4a 00 00 ff 00 f4 01
[21 09 00 02 00 00 07 00]: 4a 02 1e 78 1e f4 01
[21 09 00 02 00 00 07 00]: 4a 00 1e 78 1e f4 01
[21 09 00 02 00 00 07 00]: 4a 02 00 ff 00 f4 01
[21 09 00 02 00 00 07 00]: 4a 00 00 ff 00 f4 01
[21 09 00 02 00 00 07 00]: 4a 02 1e 78 1e f4 01
[21 09 00 02 00 00 02 00]: 4d 01
[21 09 00 02 00 00 02 00]: 4d 01
[21 09 00 02 00 00 02 00]: 4d 01
[21 09 00 02 00 00 02 00]: 4d 01
[21 09 00 02 00 00 02 00]: 4d 01
[21 09 00 02 00 00 02 00]: 4d 01
[21 09 00 02 00 00 02 00]: 4d 01
[21 09 00 02 00 00 02 00]: 4d 01
[21 09 00 02 00 00 04 00]: 43 00 00 00
[21 09 00 02 00 00 05 00]: 4c 02 00 10 00
[21 09 00 02 00 00 05 00]: 4c 02 00 29 00
[21 09 00 02 00 00 02 00]: 4d 00
[21 09 00 02 00 00 05 00]: 4c 00 00 02 00
[21 09 00 02 00 00 05 00]: 4c 00 00 2d 00
[21 09 00 02 00 00 05 00]: 4c 00 00 5d 00
[21 09 00 02 00 00 05 00]: 4c 00 05 88 00
[21 09 00 02 00 00 05 00]: 4c 00 1e 9c 13
[21 09 00 02 00 00 05 00]: 4c 02 08 c8 13
[21 09 00 02 00 00 02 00]: 4d 01
[21 09 00 02 00 00 04 00]: 43 00 00 00
[21 09 00 02 00 00 05 00]: 4c 00 15 00 00
[21 09 00 02 00 00 05 00]: 4c 02 00 00 15
[21 09 00 02 00 00 05 00]: 4c 00 3c 00 00
[21 09 00 02 00 00 05 00]: 4c 02 00 00 3c
[21 09 00 02 00 00 02 00]: 4d 00
[21 09 00 02 00 00 02 00]: 4d 00
[21 09 00 02 00 00 02 00]: 4d 00
[21 09 00 02 00 00 05 00]: 4c 00 b3 00 00
[21 09 00 02 00 00 05 00]: 4c 00 d5 19 00
[21 09 00 02 00 00 05 00]: 4c 00 da 24 00
[21 09 00 02 00 00 05 00]: 4c 02 24 00 da
[21 09 00 02 00 00 07 00]: 4a 00 00 00 ff d0 07
[21 09 00 02 00 00 07 00]: 4a 02 00 ff 00 d0 07
[21 09 00 02 00 00 13 00]: 57 11 25 d0 d7 ad 3c 1a 90 bd bd 70 33 a3 ca 0a 7f 89 da
[21 09 00 02 00 00 03 00]: 51 11 25
[21 09 00 02 00 00 13 00]: 57 11 29 71 6b 34 f3 73 03 a8 85 3a d9 24 64 07 f8 63 bd
[21 09 00 02 00 00 03 00]: 51 11 29
[21 09 00 02 00 00 13 00]: 57 11 2d 2a e6 31 01 0f 0d 28 ca 32 bd 1e 91 4c 6f 42 ba
[21 09 00 02 00 00 03 00]: 51 11 2d
[21 09 00 02 00 00 13 00]: 57 11 3d 53 e2 94 c7 51 8b d2 69 37 a0 b5 c1 e0 56 be 59
[21 09 00 02 00 00 03 00]: 51 11 3d
[21 09 00 02 00 00 13 00]: 57 11 24 a6 df 6a f3 d9 86 b6 df e6 47 4e 5d 92 7d eb 21
[21 09 00 02 00 00 03 00]: 51 11 24
[21 09 00 02 00 00 07 00]: 4a 00 ff 00 00 d0 07
[21 09 00 02 00 00 07 00]: 4a 02 00 00 ff d0 07
[21 09 00 02 00 00 07 00]: 4a 00 00 00 00 64 00
[21 09 00 02 00 00 07 00]: 4a 02 00 00 00 64 00
[21 09 00 02 00 00 07 00]: 4a 00 00 ff 00 fa 00
[21 09 00 02 00 00 07 00]: 4a 02 00 ff 00 fa 00
[21 09 00 02 00 00 07 00]: 4a 02 1e 78 1e f4 01
[21 09 00 02 00 00 07 00]: 4a 00 1e 78 1e f4 01
[21 09 00 02 00 00 07 00]: 4a 02 00 ff 00 f4 01
[21 09 00 02 00 00 07 00]: 4a 00 00 ff 00 f4 01
[21 09 00 02 00 00 07 00]: 4a 02 1e 78 1e f4 01
[21 09 00 02 00 00 07 00]: 4a 00 1e 78 1e f4 01
[21 09 00 02 00 00 07 00]: 4a 02 00 ff 00 f4 01
[21 09 00 02 00 00 07 00]: 4a 00 00 ff 00 f4 01
[21 09 00 02 00 00 07 00]: 4a 02 1e 78 1e f4 01
[21 09 00 02 00 00 07 00]: 4a 00 1e 78 1e f4 01
[21 09 00 02 00 00 07 00]: 4a 02 00 ff 00 f4 01
[21 09 00 02 00 00 07 00]: 4a 00 00 ff 00 f4 01
[21 09 00 02 00 00 07 00]: 4a 02 1e 78 1e f4 01
[21 09 00 02 00 00 02 00]: 4d 01
[21 09 00 02 00 00 02 00]: 4d 01
[21 09 00 02 00 00 02 00]: 4d 01
[21 09 00 02 00 00 02 00]: 4d 01
[21 09 00 02 00 00 04 00]: 43 00 00 00
[21 09 00 02 00 00 05 00]: 4c 00 00 10 00
[21 09 00 02 00 00 05 00]: 4c 00 00 3c 00
[21 09 00 02 00 00 02 00]: 4d 00
[21 09 00 02 00 00 05 00]: 4c 00 00 67 00
[21 09 00 02 00 00 05 00]: 4c 00 00 80 00
[21 09 00 02 00 00 05 00]: 4c 00 00 99 00
[21 09 00 02 00 00 05 00]: 4c 00 00 b1 00
[21 09 00 02 00 00 05 00]: 4c 00 00 cb 00
[21 09 00 02 00 00 05 00]: 4c 00 09 d2 09
[21 09 00 02 00 00 05 00]: 4c 02 14 a4 14
[21 09 00 02 00 00 07 00]: 4a 00 ff 00 00 d0 07
[21 09 00 02 00 00 07 00]: 4a 02 00 00 ff d0 07
[21 09 00 02 00 00 02 00]: 4d 01
[21 09 00 02 00 00 02 00]: 4d 01
[21 09 00 02 00 00 02 00]: 4d 01
[21 09 00 02 00 00 02 00]: 4d 01
[21 09 00 02 00 00 02 00]: 4d 01
[21 09 00 02 00 00 02 00]: 4d 01
[21 09 00 02 00 00 02 00]: 4d 01
[21 09 00 02 00 00 04 00]: 43 00 00 00
[21 09 00 02 00 00 05 00]: 4c 00 1a 00 00
[21 09 00 02 00 00 05 00]: 4c 02 00 00 1a
[21 09 00 02 00 00 05 00]: 4c 00 44 00 00
[21 09 00 02 00 00 05 00]: 4c 02 00 00 44
[21 09 00 02 00 00 02 00]: 4d 00
[21 09 00 02 00 00 05 00]: 4c 00 64 00 00
[21 09 00 02 00 00 05 00]: 4c 00 86 00 00
[21 09 00 02 00 00 05 00]: 4c 00 b5 00 00
[21 09 00 02 00 00 05 00]: 4c 00 d7 13 00
[21 09 00 02 00 00 05 00]: 4c 00 dd 21 00
[21 09 00 02 00 00 05 00]: 4c 02 21 00 dd
[21 09 00 02 00 00 07 00]: 4a 00 00 00 ff d0 07
[21 09 00 02 00 00 07 00]: 4a 02 00 ff 00 d0 07
[21 09 00 02 00 00 07 00]: 4a 00 ff 00 00 d0 07
[21 09 00 02 00 00 07 00]: 4a 02 00 00 ff d0 07
[21 09 00 02 00 00 13 00]: 57 11 09 29 41 df 76 27 92 c5 95 48 1d 40 ef a4 8f c4 a6
[21 09 00 02 00 00 03 00]: 51 11 09
[21 09 00 02 00 00 13 00]: 57 11 11 16 04 e6 86 50 5c d2 63 c4 c6 a0 6b f3 f2 79 8a
[21 09 00 02 00 00 03 00]: 51 11 11
[21 09 00 02 00 00 13 00]: 57 11 15 01 71 5f a3 aa ae 2c 52 cf ad 98 93 77 51 2f 42
[21 09 00 02 00 00 03 00]: 51 11 15
[21 09 00 02 00 00 13 00]: 57 11 21 4e 42 6a 66 7b 83 18 83 66 a2 3f ff cf c8 13 21
[21 09 00 02 00 00 03 00]: 51 11 21
[21 09 00 02 00 00 13 00]: 57 11 08 34 42 41 74 34 92 2c 1b 53 a4 ab 17 7c da 9b bc
[21 09 00 02 00 00 03 00]: 51 11 08
[21 09 00 02 00 00 07 00]: 4a 00 00 ff 00 d0 07
[21 09 00 02 00 00 07 00]: 4a 02 ff 00 00 d0 07
[21 09 00 02 00 00 07 00]: 4a 00 00 00 00 64 00
[21 09 00 02 00 00 07 00]: 4a 02 00 00 00 64 00
[21 09 00 02 00 00 07 00]: 4a 00 00 ff 00 fa 00
[21 09 00 02 00 00 07 00]: 4a 02 00 ff 00 fa 00
[21 09 00 02 00 00 07 00]: 4a 02 1e 78 1e f4 01
[21 09 00 02 00 00 07 00]: 4a 00 1e 78 1e f4 01
[21 09 00 02 00 00 07 00]: 4a 02 00 ff 00 f4 01
[21 09 00 02 00 00 07 00]: 4a 00 00 ff 00 f4 01
[21 09 00 02 00 00 07 00]: 4a 02 1e 78 1e f4 01
[21 09 00 02 00 00 07 00]: 4a 00 1e 78 1e f4 01
[21 09 00 02 00 00 07 00]: 4a 02 00 ff 00 f4 01
[21 09 00 02 00 00 07 00]: 4a 00 00 ff 00 f4 01
[21 09 00 02 00 00 07 00]: 4a 02 1e 78 1e f4 01
[21 09 00 02 00 00 07 00]: 4a 00 1e 78 1e f4 01
[21 09 00 02 00 00 07 00]: 4a 02 00 ff 00 f4 01
[21 09 00 02 00 00 07 00]: 4a 00 00 ff 00 f4 01
[21 09 00 02 00 00 07 00]: 4a 02 1e 78 1e f4 01
[21 09 00 02 00 00 02 00]: 4d 01
[21 09 00 02 00 00 04 00]: 43 00 00 00
[21 09 00 02 00 00 02 00]: 4d 00
[21 09 00 02 00 00 02 00]: 4d 00
[21 09 00 02 00 00 05 00]: 4c 00 00 45 00
[21 09 00 02 00 00 05 00]: 4c 00 00 6b 00
[21 09 00 02 00 00 05 00]: 4c 00 00 90 00
[21 09 00 02 00 00 05 00]: 4c 00 1d b4 00
[21 09 00 02 00 00 05 00]: 4c 00 2a bb 06
[21 09 00 02 00 00 05 00]: 4c 02 12 86 35
[21 09 00 02 00 00 02 00]: 4d 01
[21 09 00 02 00 00 02 00]: 4d 01
[21 09 00 02 00 00 02 00]: 4d 01
[21 09 00 02 00 00 02 00]: 4d 01
[21 09 00 02 00 00 02 00]: 4d 00
[21 09 00 02 00 00 02 00]: 4d 01
[21 09 00 02 00 00 07 00]: 4a 00 00 ff 00 d0 07
[21 09 00 02 00 00 07 00]: 4a 02 ff 00 00 d0 07
[21 09 00 02 00 00 02 00]: 4d 00
[21 09 00 02 00 00 02 00]: 4d 01
[21 09 00 02 00 00 02 00]: 4d 01
[21 09 00 02 00 00 02 00]: 4d 01
[21 09 00 02 00 00 02 00]: 4d 01
[21 09 00 02 00 00 07 00]: 4a 00 00 00 ff d0 07
[21 09 00 02 00 00 07 00]: 4a 02 00 ff 00 d0 07
